# name Fiat 126p
# halfW 8
# floor 5
# belt 13
# roof 18
# zFront 19
# zRear -19
# wheelZF 12
# wheelZR -11
# wheelX 5
# wheelY 5
# windZ 8
# roofFZ 4
# roofRZ -7
# seatZ 1
# engine rear
# doors 8,-1
-8 5 -9 P
-8 5 -8 P
-8 5 -7 P
-8 5 -6 P
-8 5 -5 P
-8 5 -4 P
-8 5 -3 P
-8 5 -2 P
-8 5 -1 P
-8 5 0 P
-8 5 1 P
-8 5 2 P
-8 5 3 P
-8 5 4 P
-8 5 5 P
-8 5 6 P
-8 5 7 P
-8 5 8 P
-8 6 -11 P
-8 6 -10 P
-8 6 -9 P
-8 6 -8 P
-8 6 -7 P
-8 6 -6 P
-8 6 -5 P
-8 6 -4 P
-8 6 -3 P
-8 6 -2 P
-8 6 -1 P
-8 6 0 P
-8 6 1 P
-8 6 2 P
-8 6 3 P
-8 6 4 P
-8 6 5 P
-8 6 6 P
-8 6 7 P
-8 6 8 P
-8 6 9 P
-8 6 10 P
-8 6 11 P
-8 7 -11 P
-8 7 -10 P
-8 7 -9 P
-8 7 -8 P
-8 7 -7 P
-8 7 -6 P
-8 7 -5 P
-8 7 -4 P
-8 7 -3 P
-8 7 -2 P
-8 7 -1 P
-8 7 0 P
-8 7 1 P
-8 7 2 P
-8 7 3 P
-8 7 4 P
-8 7 5 P
-8 7 6 P
-8 7 7 P
-8 7 8 P
-8 7 9 P
-8 7 10 P
-8 7 11 P
-8 8 -11 P
-8 8 -10 P
-8 8 -9 P
-8 8 -8 P
-8 8 -7 P
-8 8 -6 P
-8 8 -5 P
-8 8 -4 P
-8 8 -3 P
-8 8 -2 P
-8 8 -1 P
-8 8 0 P
-8 8 1 P
-8 8 2 P
-8 8 3 P
-8 8 4 P
-8 8 5 P
-8 8 6 P
-8 8 7 P
-8 8 8 P
-8 8 9 P
-8 8 10 P
-8 8 11 P
-8 9 -11 P
-8 9 -10 P
-8 9 -9 P
-8 9 -8 P
-8 9 -7 P
-8 9 -6 P
-8 9 -5 P
-8 9 -4 P
-8 9 -3 P
-8 9 -2 P
-8 9 -1 P
-8 9 0 P
-8 9 1 P
-8 9 2 P
-8 9 3 P
-8 9 4 P
-8 9 5 P
-8 9 6 P
-8 9 7 P
-8 9 8 P
-8 9 9 P
-8 9 10 P
-8 9 11 P
-8 10 -11 P
-8 10 -10 P
-8 10 -9 P
-8 10 -8 P
-8 10 -7 P
-8 10 -6 P
-8 10 -5 P
-8 10 -4 P
-8 10 -3 P
-8 10 -2 P
-8 10 -1 P
-8 10 0 P
-8 10 1 P
-8 10 2 P
-8 10 3 P
-8 10 4 P
-8 10 5 P
-8 10 6 P
-8 10 7 P
-8 10 8 P
-8 10 9 P
-8 10 10 P
-8 10 11 P
-8 11 -11 P
-8 11 -10 P
-8 11 -9 P
-8 11 -8 P
-8 11 -7 P
-8 11 -6 P
-8 11 -5 P
-8 11 -4 P
-8 11 -3 P
-8 11 -2 P
-8 11 -1 P
-8 11 0 P
-8 11 1 P
-8 11 2 P
-8 11 3 P
-8 11 4 P
-8 11 5 P
-8 11 6 P
-8 11 7 P
-8 11 8 P
-8 11 9 P
-8 11 10 P
-8 12 -11 P
-8 12 -10 P
-8 12 -9 P
-8 12 -8 P
-8 12 -7 P
-8 12 -6 P
-8 12 -5 P
-8 12 -4 P
-8 12 -3 P
-8 12 -2 P
-8 12 -1 P
-8 12 0 P
-8 12 1 P
-8 12 2 P
-8 12 3 P
-8 12 4 P
-8 12 5 P
-8 12 6 P
-8 12 7 P
-8 12 8 P
-8 13 -9 P
-8 13 -8 P
-8 13 -7 P
-8 13 -6 P
-8 13 -5 P
-8 13 -4 P
-8 13 -3 P
-8 13 -2 P
-8 13 -1 P
-8 13 0 P
-8 13 1 P
-8 13 2 P
-8 13 3 P
-8 13 4 P
-8 13 5 P
-8 13 6 P
-8 13 7 P
-8 14 -7 P
-8 14 -6 P
-8 14 -5 P
-8 14 -4 P
-8 14 -3 P
-8 14 -2 P
-8 14 -1 P
-8 14 0 P
-8 14 1 P
-8 14 2 P
-8 14 3 P
-8 14 4 P
-7 5 -14 P
-7 5 -13 P
-7 5 -12 P
-7 5 -11 P
-7 5 -10 P
-7 5 -9 P
-7 5 -8 P
-7 5 -7 P
-7 5 -6 P
-7 5 -5 P
-7 5 -4 P
-7 5 -3 P
-7 5 -2 P
-7 5 -1 P
-7 5 0 P
-7 5 1 P
-7 5 2 P
-7 5 3 P
-7 5 4 P
-7 5 5 P
-7 5 6 P
-7 5 7 P
-7 5 8 P
-7 5 9 P
-7 5 10 P
-7 5 11 P
-7 5 12 P
-7 5 13 P
-7 5 14 P
-7 6 -15 B
-7 6 -14 P
-7 6 -13 P
-7 6 -12 P
-7 6 -11 P
-7 6 -10 P
-7 6 -9 P
-7 6 -8 P
-7 6 -7 P
-7 6 -6 P
-7 6 -5 P
-7 6 -4 P
-7 6 -3 P
-7 6 -2 P
-7 6 -1 P
-7 6 0 P
-7 6 1 P
-7 6 2 P
-7 6 3 P
-7 6 4 P
-7 6 5 P
-7 6 6 P
-7 6 7 P
-7 6 8 P
-7 6 9 P
-7 6 10 P
-7 6 11 P
-7 6 12 P
-7 6 13 P
-7 6 14 B
-7 7 -15 P
-7 7 -14 P
-7 7 -13 P
-7 7 -12 P
-7 7 -11 P
-7 7 -10 P
-7 7 -9 P
-7 7 -8 P
-7 7 -7 P
-7 7 -6 P
-7 7 -5 P
-7 7 -4 P
-7 7 -3 P
-7 7 -2 P
-7 7 -1 P
-7 7 0 P
-7 7 1 P
-7 7 2 P
-7 7 3 P
-7 7 4 P
-7 7 5 P
-7 7 6 P
-7 7 7 P
-7 7 8 P
-7 7 9 P
-7 7 10 P
-7 7 11 P
-7 7 12 P
-7 7 13 P
-7 7 14 P
-7 8 -15 P
-7 8 -14 P
-7 8 -13 P
-7 8 -12 P
-7 8 -11 P
-7 8 -10 P
-7 8 -9 P
-7 8 -8 P
-7 8 -7 P
-7 8 -6 P
-7 8 -5 P
-7 8 -4 P
-7 8 -3 P
-7 8 -2 P
-7 8 -1 P
-7 8 0 P
-7 8 1 P
-7 8 2 P
-7 8 3 P
-7 8 4 P
-7 8 5 P
-7 8 6 P
-7 8 7 P
-7 8 8 P
-7 8 9 P
-7 8 10 P
-7 8 11 P
-7 8 12 P
-7 8 13 P
-7 8 14 P
-7 9 -15 P
-7 9 -14 P
-7 9 -13 P
-7 9 -12 P
-7 9 -11 P
-7 9 -10 P
-7 9 -9 P
-7 9 -8 P
-7 9 -7 P
-7 9 -6 P
-7 9 -5 P
-7 9 -4 P
-7 9 -3 P
-7 9 -2 P
-7 9 -1 P
-7 9 0 P
-7 9 1 P
-7 9 2 P
-7 9 3 P
-7 9 4 P
-7 9 5 P
-7 9 6 P
-7 9 7 P
-7 9 8 P
-7 9 9 P
-7 9 10 P
-7 9 11 P
-7 9 12 P
-7 9 13 P
-7 9 14 P
-7 10 -15 T
-7 10 -14 P
-7 10 -13 P
-7 10 -12 P
-7 10 -11 P
-7 10 -10 P
-7 10 -9 P
-7 10 -8 P
-7 10 -7 P
-7 10 -6 P
-7 10 -5 P
-7 10 -4 P
-7 10 -3 P
-7 10 -2 P
-7 10 -1 P
-7 10 0 P
-7 10 1 P
-7 10 2 P
-7 10 3 P
-7 10 4 P
-7 10 5 P
-7 10 6 P
-7 10 7 P
-7 10 8 P
-7 10 9 P
-7 10 10 P
-7 10 11 P
-7 10 12 P
-7 10 13 P
-7 10 14 P
-7 11 -15 T
-7 11 -14 P
-7 11 -13 P
-7 11 -12 P
-7 11 -11 P
-7 11 -10 P
-7 11 -9 P
-7 11 -8 P
-7 11 -7 P
-7 11 -6 P
-7 11 -5 P
-7 11 -4 P
-7 11 -3 P
-7 11 -2 P
-7 11 -1 P
-7 11 0 P
-7 11 1 P
-7 11 2 P
-7 11 3 P
-7 11 4 P
-7 11 5 P
-7 11 6 P
-7 11 7 P
-7 11 8 P
-7 11 9 P
-7 11 10 P
-7 11 11 P
-7 11 12 P
-7 11 13 P
-7 12 -15 P
-7 12 -14 P
-7 12 -13 P
-7 12 -12 P
-7 12 -11 P
-7 12 -10 P
-7 12 -9 P
-7 12 -8 P
-7 12 -7 P
-7 12 -6 P
-7 12 -5 P
-7 12 -4 P
-7 12 -3 P
-7 12 -2 P
-7 12 -1 P
-7 12 0 P
-7 12 1 P
-7 12 2 P
-7 12 3 P
-7 12 4 P
-7 12 5 P
-7 12 6 P
-7 12 7 P
-7 12 8 P
-7 13 -12 P
-7 13 -11 P
-7 13 -10 P
-7 13 -9 P
-7 13 -8 P
-7 13 -7 P
-7 13 -6 P
-7 13 -5 P
-7 13 -4 P
-7 13 -3 P
-7 13 -2 P
-7 13 -1 P
-7 13 0 P
-7 13 1 P
-7 13 2 P
-7 13 3 P
-7 13 4 P
-7 13 5 P
-7 13 6 P
-7 13 7 P
-7 14 -10 P
-7 14 -9 P
-7 14 -8 P
-7 14 -7 P
-7 14 -6 P
-7 14 -5 P
-7 14 -4 P
-7 14 -3 P
-7 14 -2 P
-7 14 -1 P
-7 14 0 P
-7 14 1 P
-7 14 2 P
-7 14 3 P
-7 14 4 P
-7 14 5 P
-7 14 6 P
-7 15 -9 P
-7 15 -8 P
-7 15 -7 G
-7 15 -6 G
-7 15 -5 G
-7 15 -4 G
-7 15 -3 G
-7 15 -2 G
-7 15 -1 P
-7 15 0 G
-7 15 1 G
-7 15 2 G
-7 15 3 G
-7 15 4 P
-7 15 5 P
-7 16 -8 P
-7 16 -7 G
-7 16 -6 G
-7 16 -5 G
-7 16 -4 G
-7 16 -3 G
-7 16 -2 G
-7 16 -1 P
-7 16 0 G
-7 16 1 G
-7 16 2 G
-7 16 3 G
-7 16 4 P
-7 17 -7 P
-7 17 -6 P
-7 17 -5 P
-7 17 -4 P
-7 17 -3 P
-7 17 -2 P
-7 17 -1 P
-7 17 0 P
-7 17 1 P
-7 17 2 P
-7 17 3 P
-7 17 4 P
-6 5 -16 P
-6 5 -15 P
-6 5 -14 P
-6 5 -13 P
-6 5 -12 P
-6 5 -11 P
-6 5 -10 P
-6 5 -9 P
-6 5 -8 P
-6 5 -7 P
-6 5 -6 P
-6 5 -5 P
-6 5 -4 P
-6 5 -3 P
-6 5 -2 P
-6 5 -1 P
-6 5 0 P
-6 5 1 P
-6 5 2 P
-6 5 3 P
-6 5 4 P
-6 5 5 P
-6 5 6 P
-6 5 7 P
-6 5 8 P
-6 5 9 P
-6 5 10 P
-6 5 11 P
-6 5 12 P
-6 5 13 P
-6 5 14 P
-6 5 15 P
-6 5 16 P
-6 6 -16 B
-6 6 -15 P
-6 6 -14 P
-6 6 -13 P
-6 6 -12 P
-6 6 -11 P
-6 6 -10 P
-6 6 -9 P
-6 6 -8 P
-6 6 -7 P
-6 6 -6 P
-6 6 -5 P
-6 6 -4 P
-6 6 -3 P
-6 6 -2 P
-6 6 -1 P
-6 6 0 P
-6 6 1 P
-6 6 2 P
-6 6 3 P
-6 6 4 P
-6 6 5 P
-6 6 6 P
-6 6 7 P
-6 6 8 P
-6 6 9 P
-6 6 10 P
-6 6 11 P
-6 6 12 P
-6 6 13 P
-6 6 14 P
-6 6 15 P
-6 6 16 B
-6 7 -16 P
-6 7 -15 P
-6 7 -14 P
-6 7 -13 P
-6 7 -12 P
-6 7 -11 P
-6 7 -10 P
-6 7 -9 P
-6 7 -8 P
-6 7 -7 P
-6 7 -6 P
-6 7 -5 P
-6 7 -4 P
-6 7 -3 P
-6 7 -2 P
-6 7 -1 P
-6 7 0 P
-6 7 1 P
-6 7 2 P
-6 7 3 P
-6 7 4 P
-6 7 5 P
-6 7 6 P
-6 7 7 P
-6 7 8 P
-6 7 9 P
-6 7 10 P
-6 7 11 P
-6 7 12 P
-6 7 13 P
-6 7 14 P
-6 7 15 P
-6 7 16 P
-6 8 -16 P
-6 8 -15 P
-6 8 -14 P
-6 8 -13 P
-6 8 -12 P
-6 8 -11 P
-6 8 -10 P
-6 8 -9 P
-6 8 -8 P
-6 8 -7 P
-6 8 -6 P
-6 8 -5 P
-6 8 -4 P
-6 8 -3 P
-6 8 -2 P
-6 8 -1 P
-6 8 0 P
-6 8 1 P
-6 8 2 P
-6 8 3 P
-6 8 4 P
-6 8 5 P
-6 8 6 P
-6 8 7 P
-6 8 8 P
-6 8 9 P
-6 8 10 P
-6 8 11 P
-6 8 12 P
-6 8 13 P
-6 8 14 P
-6 8 15 P
-6 8 16 P
-6 9 -16 P
-6 9 -15 P
-6 9 -14 P
-6 9 -13 P
-6 9 -12 P
-6 9 -11 P
-6 9 -10 P
-6 9 -9 P
-6 9 -8 P
-6 9 -7 P
-6 9 -6 P
-6 9 -5 P
-6 9 -4 P
-6 9 -3 P
-6 9 -2 P
-6 9 -1 P
-6 9 0 P
-6 9 1 P
-6 9 2 P
-6 9 3 P
-6 9 4 P
-6 9 5 P
-6 9 6 P
-6 9 7 P
-6 9 8 P
-6 9 9 P
-6 9 10 P
-6 9 11 P
-6 9 12 P
-6 9 13 P
-6 9 14 P
-6 9 15 P
-6 9 16 H
-6 10 -16 T
-6 10 -15 P
-6 10 -14 P
-6 10 -13 P
-6 10 -12 P
-6 10 -11 P
-6 10 -10 P
-6 10 -9 P
-6 10 -8 P
-6 10 -7 P
-6 10 -6 P
-6 10 -5 P
-6 10 -4 P
-6 10 -3 P
-6 10 -2 P
-6 10 -1 P
-6 10 0 P
-6 10 1 P
-6 10 2 P
-6 10 3 P
-6 10 4 P
-6 10 5 P
-6 10 6 P
-6 10 7 P
-6 10 8 P
-6 10 9 P
-6 10 10 P
-6 10 11 P
-6 10 12 P
-6 10 13 P
-6 10 14 P
-6 10 15 P
-6 10 16 H
-6 11 -16 T
-6 11 -15 P
-6 11 -14 P
-6 11 -13 P
-6 11 -12 P
-6 11 -11 P
-6 11 -10 P
-6 11 -9 P
-6 11 -8 P
-6 11 -7 P
-6 11 -6 P
-6 11 -5 P
-6 11 -4 P
-6 11 -3 P
-6 11 -2 P
-6 11 -1 P
-6 11 0 P
-6 11 1 P
-6 11 2 P
-6 11 3 P
-6 11 4 P
-6 11 5 P
-6 11 6 P
-6 11 7 P
-6 11 8 P
-6 11 9 P
-6 11 10 P
-6 11 11 P
-6 11 12 P
-6 11 13 P
-6 11 14 P
-6 11 15 P
-6 12 -16 P
-6 12 -15 P
-6 12 -14 P
-6 12 -13 P
-6 12 -12 P
-6 12 -11 P
-6 12 -10 P
-6 12 -9 P
-6 12 -8 P
-6 12 -7 P
-6 12 -6 P
-6 12 -5 P
-6 12 -4 P
-6 12 -3 P
-6 12 -2 P
-6 12 -1 P
-6 12 0 P
-6 12 1 P
-6 12 2 P
-6 12 3 P
-6 12 4 P
-6 12 5 P
-6 12 6 P
-6 12 7 P
-6 12 8 P
-6 12 9 P
-6 13 -14 P
-6 13 -13 P
-6 13 -12 P
-6 13 -11 P
-6 13 -10 P
-6 13 -9 P
-6 13 -8 P
-6 13 -7 P
-6 13 -6 P
-6 13 -5 P
-6 13 -4 P
-6 13 -3 P
-6 13 -2 P
-6 13 -1 P
-6 13 0 P
-6 13 1 P
-6 13 2 P
-6 13 3 P
-6 13 4 P
-6 13 5 P
-6 13 6 P
-6 13 7 P
-6 14 -11 P
-6 14 -10 P
-6 14 -9 P
-6 14 -8 P
-6 14 -7 P
-6 14 -6 P
-6 14 -5 P
-6 14 -4 P
-6 14 -3 P
-6 14 -2 P
-6 14 -1 P
-6 14 0 P
-6 14 1 P
-6 14 2 P
-6 14 3 P
-6 14 4 P
-6 14 5 P
-6 14 6 G
-6 15 -10 P
-6 15 -9 P
-6 15 -8 P
-6 15 -7 P
-6 15 -6 P
-6 15 -5 P
-6 15 -4 P
-6 15 -3 P
-6 15 -2 P
-6 15 -1 P
-6 15 0 P
-6 15 1 P
-6 15 2 P
-6 15 3 P
-6 15 4 P
-6 15 5 P
-6 15 6 P
-6 16 -9 P
-6 16 -8 P
-6 16 -7 P
-6 16 -6 P
-6 16 -5 P
-6 16 -4 P
-6 16 -3 P
-6 16 -2 P
-6 16 -1 P
-6 16 0 P
-6 16 1 P
-6 16 2 P
-6 16 3 P
-6 16 4 P
-6 16 5 P
-6 17 -8 P
-6 17 -7 P
-6 17 -6 P
-6 17 -5 P
-6 17 -4 P
-6 17 -3 P
-6 17 -2 P
-6 17 -1 P
-6 17 0 P
-6 17 1 P
-6 17 2 P
-6 17 3 P
-6 17 4 G
-6 18 -6 P
-6 18 -5 P
-6 18 -4 P
-6 18 -3 P
-6 18 -2 P
-6 18 -1 P
-6 18 0 P
-6 18 1 P
-6 18 2 P
-6 18 3 P
-5 5 -17 P
-5 5 -16 P
-5 5 -15 P
-5 5 -14 P
-5 5 -13 P
-5 5 -12 P
-5 5 -11 P
-5 5 -10 P
-5 5 -9 P
-5 5 -8 P
-5 5 -7 P
-5 5 -6 P
-5 5 -5 P
-5 5 -4 P
-5 5 -3 P
-5 5 -2 P
-5 5 -1 P
-5 5 0 P
-5 5 1 P
-5 5 2 P
-5 5 3 P
-5 5 4 P
-5 5 5 P
-5 5 6 P
-5 5 7 P
-5 5 8 P
-5 5 9 P
-5 5 10 P
-5 5 11 P
-5 5 12 P
-5 5 13 P
-5 5 14 P
-5 5 15 P
-5 5 16 P
-5 5 17 P
-5 6 -17 B
-5 6 -16 P
-5 6 -15 P
-5 6 -14 P
-5 6 -13 P
-5 6 -12 P
-5 6 -11 P
-5 6 -10 P
-5 6 -9 P
-5 6 -8 P
-5 6 -7 P
-5 6 -6 P
-5 6 -5 P
-5 6 -4 P
-5 6 -3 P
-5 6 -2 P
-5 6 -1 P
-5 6 0 P
-5 6 1 P
-5 6 2 P
-5 6 3 P
-5 6 4 P
-5 6 5 P
-5 6 6 P
-5 6 7 P
-5 6 8 P
-5 6 9 P
-5 6 10 P
-5 6 11 P
-5 6 12 P
-5 6 13 P
-5 6 14 P
-5 6 15 P
-5 6 16 P
-5 6 17 B
-5 7 -17 P
-5 7 -16 P
-5 7 -15 P
-5 7 -14 P
-5 7 -13 P
-5 7 -12 P
-5 7 -11 P
-5 7 -10 P
-5 7 -9 P
-5 7 -8 P
-5 7 -7 P
-5 7 -6 P
-5 7 -5 P
-5 7 -4 P
-5 7 -3 P
-5 7 -2 P
-5 7 -1 P
-5 7 0 P
-5 7 1 P
-5 7 2 P
-5 7 3 P
-5 7 4 P
-5 7 5 P
-5 7 6 P
-5 7 7 P
-5 7 8 P
-5 7 9 P
-5 7 10 P
-5 7 11 P
-5 7 12 P
-5 7 13 P
-5 7 14 P
-5 7 15 P
-5 7 16 P
-5 7 17 P
-5 8 -17 P
-5 8 -16 P
-5 8 -15 P
-5 8 -14 P
-5 8 -13 P
-5 8 -12 P
-5 8 -11 P
-5 8 -10 P
-5 8 -9 P
-5 8 -8 P
-5 8 -7 P
-5 8 -6 P
-5 8 -5 P
-5 8 -4 P
-5 8 -3 P
-5 8 -2 P
-5 8 -1 P
-5 8 0 P
-5 8 1 P
-5 8 2 P
-5 8 3 P
-5 8 4 P
-5 8 5 P
-5 8 6 P
-5 8 7 P
-5 8 8 P
-5 8 9 P
-5 8 10 P
-5 8 11 P
-5 8 12 P
-5 8 13 P
-5 8 14 P
-5 8 15 P
-5 8 16 P
-5 8 17 P
-5 9 -17 P
-5 9 -16 P
-5 9 -15 P
-5 9 -14 P
-5 9 -13 P
-5 9 -12 P
-5 9 -11 P
-5 9 -10 P
-5 9 -9 P
-5 9 -8 P
-5 9 -7 P
-5 9 -6 P
-5 9 -5 P
-5 9 -4 P
-5 9 -3 P
-5 9 -2 P
-5 9 -1 P
-5 9 0 P
-5 9 1 P
-5 9 2 P
-5 9 3 P
-5 9 4 P
-5 9 5 P
-5 9 6 P
-5 9 7 P
-5 9 8 P
-5 9 9 P
-5 9 10 P
-5 9 11 P
-5 9 12 P
-5 9 13 P
-5 9 14 P
-5 9 15 P
-5 9 16 P
-5 9 17 H
-5 10 -17 P
-5 10 -16 P
-5 10 -15 P
-5 10 -14 P
-5 10 -13 P
-5 10 -12 P
-5 10 -11 P
-5 10 -10 P
-5 10 -9 P
-5 10 -8 P
-5 10 -7 P
-5 10 -6 P
-5 10 -5 P
-5 10 -4 P
-5 10 -3 P
-5 10 -2 P
-5 10 -1 P
-5 10 0 P
-5 10 1 P
-5 10 2 P
-5 10 3 P
-5 10 4 P
-5 10 5 P
-5 10 6 P
-5 10 7 P
-5 10 8 P
-5 10 9 P
-5 10 10 P
-5 10 11 P
-5 10 12 P
-5 10 13 P
-5 10 14 P
-5 10 15 P
-5 10 16 P
-5 10 17 H
-5 11 -17 P
-5 11 -16 P
-5 11 -15 P
-5 11 -14 P
-5 11 -13 P
-5 11 -12 P
-5 11 -11 P
-5 11 -10 P
-5 11 -9 P
-5 11 -8 P
-5 11 -7 P
-5 11 -6 P
-5 11 -5 P
-5 11 -4 P
-5 11 -3 P
-5 11 -2 P
-5 11 -1 P
-5 11 0 P
-5 11 1 P
-5 11 2 P
-5 11 3 P
-5 11 4 P
-5 11 5 P
-5 11 6 P
-5 11 7 P
-5 11 8 P
-5 11 9 P
-5 11 10 P
-5 11 11 P
-5 11 12 P
-5 11 13 P
-5 11 14 P
-5 11 15 P
-5 12 -17 P
-5 12 -16 P
-5 12 -15 P
-5 12 -14 P
-5 12 -13 P
-5 12 -12 P
-5 12 -11 P
-5 12 -10 P
-5 12 -9 P
-5 12 -8 P
-5 12 -7 P
-5 12 -6 P
-5 12 -5 P
-5 12 -4 P
-5 12 -3 P
-5 12 -2 P
-5 12 -1 P
-5 12 0 P
-5 12 1 P
-5 12 2 P
-5 12 3 P
-5 12 4 P
-5 12 5 P
-5 12 6 P
-5 12 7 P
-5 12 8 P
-5 12 9 P
-5 12 10 P
-5 13 -15 P
-5 13 -14 P
-5 13 -13 P
-5 13 -12 P
-5 13 -11 P
-5 13 -10 P
-5 13 -9 P
-5 13 -8 P
-5 13 -7 P
-5 13 -6 P
-5 13 -5 P
-5 13 -4 P
-5 13 -3 P
-5 13 -2 P
-5 13 -1 P
-5 13 0 P
-5 13 1 P
-5 13 2 P
-5 13 3 P
-5 13 4 P
-5 13 5 P
-5 13 6 P
-5 13 7 P
-5 14 -11 G
-5 14 -10 P
-5 14 -9 P
-5 14 -8 P
-5 14 -7 P
-5 14 -6 P
-5 14 -5 P
-5 14 -4 P
-5 14 -3 P
-5 14 -2 P
-5 14 -1 P
-5 14 0 P
-5 14 1 P
-5 14 2 P
-5 14 3 P
-5 14 4 P
-5 14 5 P
-5 14 6 P
-5 14 7 P
-5 15 -10 G
-5 15 -9 P
-5 15 -8 P
-5 15 -7 P
-5 15 -6 P
-5 15 -5 P
-5 15 -4 P
-5 15 -3 P
-5 15 -2 P
-5 15 -1 P
-5 15 0 P
-5 15 1 P
-5 15 2 P
-5 15 3 P
-5 15 4 P
-5 15 5 P
-5 15 6 G
-5 16 -9 G
-5 16 -8 P
-5 16 -7 P
-5 16 -6 P
-5 16 -5 P
-5 16 -4 P
-5 16 -3 P
-5 16 -2 P
-5 16 -1 P
-5 16 0 P
-5 16 1 P
-5 16 2 P
-5 16 3 P
-5 16 4 P
-5 16 5 G
-5 17 -8 G
-5 17 -7 P
-5 17 -6 P
-5 17 -5 P
-5 17 -4 P
-5 17 -3 P
-5 17 -2 P
-5 17 -1 P
-5 17 0 P
-5 17 1 P
-5 17 2 P
-5 17 3 P
-5 17 4 G
-5 18 -7 P
-5 18 -6 P
-5 18 -5 P
-5 18 -4 P
-5 18 -3 P
-5 18 -2 P
-5 18 -1 P
-5 18 0 P
-5 18 1 P
-5 18 2 P
-5 18 3 P
-4 5 -17 P
-4 5 -16 P
-4 5 -15 P
-4 5 -14 P
-4 5 -13 P
-4 5 -12 P
-4 5 -11 P
-4 5 -10 P
-4 5 -9 P
-4 5 -8 P
-4 5 -7 P
-4 5 -6 P
-4 5 -5 P
-4 5 -4 P
-4 5 -3 P
-4 5 -2 P
-4 5 -1 P
-4 5 0 P
-4 5 1 P
-4 5 2 P
-4 5 3 P
-4 5 4 P
-4 5 5 P
-4 5 6 P
-4 5 7 P
-4 5 8 P
-4 5 9 P
-4 5 10 P
-4 5 11 P
-4 5 12 P
-4 5 13 P
-4 5 14 P
-4 5 15 P
-4 5 16 P
-4 5 17 P
-4 6 -19 B
-4 6 -18 B
-4 6 -17 P
-4 6 -16 P
-4 6 -15 P
-4 6 -14 P
-4 6 -13 P
-4 6 -12 P
-4 6 -11 P
-4 6 -10 P
-4 6 -9 P
-4 6 -8 P
-4 6 -7 P
-4 6 -6 P
-4 6 -5 P
-4 6 -4 P
-4 6 -3 P
-4 6 -2 P
-4 6 -1 P
-4 6 0 P
-4 6 1 P
-4 6 2 P
-4 6 3 P
-4 6 4 P
-4 6 5 P
-4 6 6 P
-4 6 7 P
-4 6 8 P
-4 6 9 P
-4 6 10 P
-4 6 11 P
-4 6 12 P
-4 6 13 P
-4 6 14 P
-4 6 15 P
-4 6 16 P
-4 6 17 P
-4 6 18 B
-4 6 19 B
-4 7 -19 P
-4 7 -18 P
-4 7 -17 P
-4 7 -16 P
-4 7 -15 P
-4 7 -14 P
-4 7 -13 P
-4 7 -12 P
-4 7 -11 P
-4 7 -10 P
-4 7 -9 P
-4 7 -8 P
-4 7 -7 P
-4 7 -6 P
-4 7 -5 P
-4 7 -4 P
-4 7 -3 P
-4 7 -2 P
-4 7 -1 P
-4 7 0 P
-4 7 1 P
-4 7 2 P
-4 7 3 P
-4 7 4 P
-4 7 5 P
-4 7 6 P
-4 7 7 P
-4 7 8 P
-4 7 9 P
-4 7 10 P
-4 7 11 P
-4 7 12 P
-4 7 13 P
-4 7 14 P
-4 7 15 P
-4 7 16 P
-4 7 17 P
-4 7 18 P
-4 7 19 P
-4 8 -19 P
-4 8 -18 P
-4 8 -17 P
-4 8 -16 P
-4 8 -15 P
-4 8 -14 P
-4 8 -13 P
-4 8 -12 P
-4 8 -11 P
-4 8 -10 P
-4 8 -9 P
-4 8 -8 P
-4 8 -7 P
-4 8 -6 P
-4 8 -5 P
-4 8 -4 P
-4 8 -3 P
-4 8 -2 P
-4 8 -1 P
-4 8 0 P
-4 8 1 P
-4 8 2 P
-4 8 3 P
-4 8 4 P
-4 8 5 P
-4 8 6 P
-4 8 7 P
-4 8 8 P
-4 8 9 P
-4 8 10 P
-4 8 11 P
-4 8 12 P
-4 8 13 P
-4 8 14 P
-4 8 15 P
-4 8 16 P
-4 8 17 P
-4 8 18 P
-4 9 -18 P
-4 9 -17 P
-4 9 -16 P
-4 9 -15 P
-4 9 -14 P
-4 9 -13 P
-4 9 -12 P
-4 9 -11 P
-4 9 -10 P
-4 9 -9 P
-4 9 -8 P
-4 9 -7 P
-4 9 -6 P
-4 9 -5 P
-4 9 -4 P
-4 9 -3 P
-4 9 -2 P
-4 9 -1 P
-4 9 0 P
-4 9 1 P
-4 9 2 P
-4 9 3 P
-4 9 4 P
-4 9 5 P
-4 9 6 P
-4 9 7 P
-4 9 8 P
-4 9 9 P
-4 9 10 P
-4 9 11 P
-4 9 12 P
-4 9 13 P
-4 9 14 P
-4 9 15 P
-4 9 16 P
-4 9 17 P
-4 9 18 P
-4 10 -18 P
-4 10 -17 P
-4 10 -16 P
-4 10 -15 P
-4 10 -14 P
-4 10 -13 P
-4 10 -12 P
-4 10 -11 P
-4 10 -10 P
-4 10 -9 P
-4 10 -8 P
-4 10 -7 P
-4 10 -6 P
-4 10 -5 P
-4 10 -4 P
-4 10 -3 P
-4 10 -2 P
-4 10 -1 P
-4 10 0 P
-4 10 1 P
-4 10 2 P
-4 10 3 P
-4 10 4 P
-4 10 5 P
-4 10 6 P
-4 10 7 P
-4 10 8 P
-4 10 9 P
-4 10 10 P
-4 10 11 P
-4 10 12 P
-4 10 13 P
-4 10 14 P
-4 10 15 P
-4 10 16 P
-4 10 17 P
-4 11 -18 P
-4 11 -17 P
-4 11 -16 P
-4 11 -15 P
-4 11 -14 P
-4 11 -13 P
-4 11 -12 P
-4 11 -11 P
-4 11 -10 P
-4 11 -9 P
-4 11 -8 P
-4 11 -7 P
-4 11 -6 P
-4 11 -5 P
-4 11 -4 P
-4 11 -3 P
-4 11 -2 P
-4 11 -1 P
-4 11 0 P
-4 11 1 P
-4 11 2 P
-4 11 3 P
-4 11 4 P
-4 11 5 P
-4 11 6 P
-4 11 7 P
-4 11 8 P
-4 11 9 P
-4 11 10 P
-4 11 11 P
-4 11 12 P
-4 11 13 P
-4 11 14 P
-4 11 15 P
-4 11 16 P
-4 12 -17 P
-4 12 -16 P
-4 12 -15 P
-4 12 -14 P
-4 12 -13 P
-4 12 -12 P
-4 12 -11 P
-4 12 -10 P
-4 12 -9 P
-4 12 -8 P
-4 12 -7 P
-4 12 -6 P
-4 12 -5 P
-4 12 -4 P
-4 12 -3 P
-4 12 -2 P
-4 12 -1 P
-4 12 0 P
-4 12 1 P
-4 12 2 P
-4 12 3 P
-4 12 4 P
-4 12 5 P
-4 12 6 P
-4 12 7 P
-4 12 8 P
-4 12 9 P
-4 12 10 P
-4 13 -16 P
-4 13 -15 P
-4 13 -14 P
-4 13 -13 P
-4 13 -12 P
-4 13 -11 P
-4 13 -10 P
-4 13 -9 P
-4 13 -8 P
-4 13 -7 P
-4 13 -6 P
-4 13 -5 P
-4 13 -4 P
-4 13 -3 P
-4 13 -2 P
-4 13 -1 P
-4 13 0 P
-4 13 1 P
-4 13 2 P
-4 13 3 P
-4 13 4 P
-4 13 5 P
-4 13 6 P
-4 13 7 P
-4 14 -11 G
-4 14 -10 P
-4 14 -9 P
-4 14 -8 P
-4 14 -7 P
-4 14 -6 P
-4 14 -5 P
-4 14 -4 P
-4 14 -3 P
-4 14 -2 P
-4 14 -1 P
-4 14 0 P
-4 14 1 P
-4 14 2 P
-4 14 3 P
-4 14 4 P
-4 14 5 P
-4 14 6 P
-4 14 7 G
-4 15 -10 G
-4 15 -9 P
-4 15 -8 P
-4 15 -7 P
-4 15 -6 P
-4 15 -5 P
-4 15 -4 P
-4 15 -3 P
-4 15 -2 P
-4 15 -1 P
-4 15 0 P
-4 15 1 P
-4 15 2 P
-4 15 3 P
-4 15 4 P
-4 15 5 P
-4 15 6 G
-4 16 -9 G
-4 16 -8 P
-4 16 -7 P
-4 16 -6 P
-4 16 -5 P
-4 16 -4 P
-4 16 -3 P
-4 16 -2 P
-4 16 -1 P
-4 16 0 P
-4 16 1 P
-4 16 2 P
-4 16 3 P
-4 16 4 P
-4 16 5 G
-4 17 -8 G
-4 17 -7 P
-4 17 -6 P
-4 17 -5 P
-4 17 -4 P
-4 17 -3 P
-4 17 -2 P
-4 17 -1 P
-4 17 0 P
-4 17 1 P
-4 17 2 P
-4 17 3 P
-4 17 4 G
-4 18 -7 P
-4 18 -6 P
-4 18 -5 P
-4 18 -4 P
-4 18 -3 P
-4 18 -2 P
-4 18 -1 P
-4 18 0 P
-4 18 1 P
-4 18 2 P
-4 18 3 P
-4 18 4 P
-3 5 -17 P
-3 5 -16 P
-3 5 -15 P
-3 5 -14 P
-3 5 -13 P
-3 5 -12 P
-3 5 -11 P
-3 5 -10 P
-3 5 -9 P
-3 5 -8 P
-3 5 -7 P
-3 5 -6 P
-3 5 -5 P
-3 5 -4 P
-3 5 -3 P
-3 5 -2 P
-3 5 -1 P
-3 5 0 P
-3 5 1 P
-3 5 2 P
-3 5 3 P
-3 5 4 P
-3 5 5 P
-3 5 6 P
-3 5 7 P
-3 5 8 P
-3 5 9 P
-3 5 10 P
-3 5 11 P
-3 5 12 P
-3 5 13 P
-3 5 14 P
-3 5 15 P
-3 5 16 P
-3 5 17 P
-3 6 -19 B
-3 6 -18 B
-3 6 -17 P
-3 6 -16 P
-3 6 -15 P
-3 6 -14 P
-3 6 -13 P
-3 6 -12 P
-3 6 -11 P
-3 6 -10 P
-3 6 -9 P
-3 6 -8 P
-3 6 -7 P
-3 6 -6 P
-3 6 -5 P
-3 6 -4 P
-3 6 -3 P
-3 6 -2 P
-3 6 -1 P
-3 6 0 P
-3 6 1 P
-3 6 2 P
-3 6 3 P
-3 6 4 P
-3 6 5 P
-3 6 6 P
-3 6 7 P
-3 6 8 P
-3 6 9 P
-3 6 10 P
-3 6 11 P
-3 6 12 P
-3 6 13 P
-3 6 14 P
-3 6 15 P
-3 6 16 P
-3 6 17 P
-3 6 18 B
-3 6 19 B
-3 7 -19 P
-3 7 -18 P
-3 7 -17 P
-3 7 -16 P
-3 7 -15 P
-3 7 -14 P
-3 7 -13 P
-3 7 -12 P
-3 7 -11 P
-3 7 -10 P
-3 7 -9 P
-3 7 -8 P
-3 7 -7 P
-3 7 -6 P
-3 7 -5 P
-3 7 -4 P
-3 7 -3 P
-3 7 -2 P
-3 7 -1 P
-3 7 0 P
-3 7 1 P
-3 7 2 P
-3 7 3 P
-3 7 4 P
-3 7 5 P
-3 7 6 P
-3 7 7 P
-3 7 8 P
-3 7 9 P
-3 7 10 P
-3 7 11 P
-3 7 12 P
-3 7 13 P
-3 7 14 P
-3 7 15 P
-3 7 16 P
-3 7 17 P
-3 7 18 P
-3 7 19 P
-3 8 -19 P
-3 8 -18 P
-3 8 -17 P
-3 8 -16 P
-3 8 -15 P
-3 8 -14 P
-3 8 -13 P
-3 8 -12 P
-3 8 -11 P
-3 8 -10 P
-3 8 -9 P
-3 8 -8 P
-3 8 -7 P
-3 8 -6 P
-3 8 -5 P
-3 8 -4 P
-3 8 -3 P
-3 8 -2 P
-3 8 -1 P
-3 8 0 P
-3 8 1 P
-3 8 2 P
-3 8 3 P
-3 8 4 P
-3 8 5 P
-3 8 6 P
-3 8 7 P
-3 8 8 P
-3 8 9 P
-3 8 10 P
-3 8 11 P
-3 8 12 P
-3 8 13 P
-3 8 14 P
-3 8 15 P
-3 8 16 P
-3 8 17 P
-3 8 18 P
-3 9 -18 P
-3 9 -17 P
-3 9 -16 P
-3 9 -15 P
-3 9 -14 P
-3 9 -13 P
-3 9 -12 P
-3 9 -11 P
-3 9 -10 P
-3 9 -9 P
-3 9 -8 P
-3 9 -7 P
-3 9 -6 P
-3 9 -5 P
-3 9 -4 P
-3 9 -3 P
-3 9 -2 P
-3 9 -1 P
-3 9 0 P
-3 9 1 P
-3 9 2 P
-3 9 3 P
-3 9 4 P
-3 9 5 P
-3 9 6 P
-3 9 7 P
-3 9 8 P
-3 9 9 P
-3 9 10 P
-3 9 11 P
-3 9 12 P
-3 9 13 P
-3 9 14 P
-3 9 15 P
-3 9 16 P
-3 9 17 P
-3 9 18 P
-3 10 -18 P
-3 10 -17 P
-3 10 -16 P
-3 10 -15 P
-3 10 -14 P
-3 10 -13 P
-3 10 -12 P
-3 10 -11 P
-3 10 -10 P
-3 10 -9 P
-3 10 -8 P
-3 10 -7 P
-3 10 -6 P
-3 10 -5 P
-3 10 -4 P
-3 10 -3 P
-3 10 -2 P
-3 10 -1 P
-3 10 0 P
-3 10 1 P
-3 10 2 P
-3 10 3 P
-3 10 4 P
-3 10 5 P
-3 10 6 P
-3 10 7 P
-3 10 8 P
-3 10 9 P
-3 10 10 P
-3 10 11 P
-3 10 12 P
-3 10 13 P
-3 10 14 P
-3 10 15 P
-3 10 16 P
-3 10 17 P
-3 11 -18 P
-3 11 -17 P
-3 11 -16 P
-3 11 -15 P
-3 11 -14 P
-3 11 -13 P
-3 11 -12 P
-3 11 -11 P
-3 11 -10 P
-3 11 -9 P
-3 11 -8 P
-3 11 -7 P
-3 11 -6 P
-3 11 -5 P
-3 11 -4 P
-3 11 -3 P
-3 11 -2 P
-3 11 -1 P
-3 11 0 P
-3 11 1 P
-3 11 2 P
-3 11 3 P
-3 11 4 P
-3 11 5 P
-3 11 6 P
-3 11 7 P
-3 11 8 P
-3 11 9 P
-3 11 10 P
-3 11 11 P
-3 11 12 P
-3 11 13 P
-3 11 14 P
-3 11 15 P
-3 11 16 P
-3 12 -18 R
-3 12 -17 P
-3 12 -16 P
-3 12 -15 P
-3 12 -14 P
-3 12 -13 P
-3 12 -12 P
-3 12 -11 P
-3 12 -10 P
-3 12 -9 P
-3 12 -8 P
-3 12 -7 P
-3 12 -6 P
-3 12 -5 P
-3 12 -4 P
-3 12 -3 P
-3 12 -2 P
-3 12 -1 P
-3 12 0 P
-3 12 1 P
-3 12 2 P
-3 12 3 P
-3 12 4 P
-3 12 5 P
-3 12 6 P
-3 12 7 P
-3 12 8 P
-3 12 9 P
-3 12 10 P
-3 13 -16 P
-3 13 -15 P
-3 13 -14 P
-3 13 -13 P
-3 13 -12 P
-3 13 -11 P
-3 13 -10 P
-3 13 -9 P
-3 13 -8 P
-3 13 -7 P
-3 13 -6 P
-3 13 -5 P
-3 13 -4 P
-3 13 -3 P
-3 13 -2 P
-3 13 -1 P
-3 13 0 P
-3 13 1 P
-3 13 2 P
-3 13 3 P
-3 13 4 P
-3 13 5 P
-3 13 6 P
-3 13 7 P
-3 14 -11 G
-3 14 -10 P
-3 14 -9 P
-3 14 -8 P
-3 14 -7 P
-3 14 -6 P
-3 14 -5 P
-3 14 -4 P
-3 14 -3 P
-3 14 -2 P
-3 14 -1 P
-3 14 0 P
-3 14 1 P
-3 14 2 P
-3 14 3 P
-3 14 4 P
-3 14 5 P
-3 14 6 P
-3 14 7 G
-3 15 -10 G
-3 15 -9 P
-3 15 -8 P
-3 15 -7 P
-3 15 -6 P
-3 15 -5 P
-3 15 -4 P
-3 15 -3 P
-3 15 -2 P
-3 15 -1 P
-3 15 0 P
-3 15 1 P
-3 15 2 P
-3 15 3 P
-3 15 4 P
-3 15 5 P
-3 15 6 G
-3 16 -9 G
-3 16 -8 P
-3 16 -7 P
-3 16 -6 P
-3 16 -5 P
-3 16 -4 P
-3 16 -3 P
-3 16 -2 P
-3 16 -1 P
-3 16 0 P
-3 16 1 P
-3 16 2 P
-3 16 3 P
-3 16 4 P
-3 16 5 G
-3 17 -8 G
-3 17 -7 P
-3 17 -6 P
-3 17 -5 P
-3 17 -4 P
-3 17 -3 P
-3 17 -2 P
-3 17 -1 P
-3 17 0 P
-3 17 1 P
-3 17 2 P
-3 17 3 P
-3 17 4 G
-3 18 -7 P
-3 18 -6 P
-3 18 -5 P
-3 18 -4 P
-3 18 -3 P
-3 18 -2 P
-3 18 -1 P
-3 18 0 P
-3 18 1 P
-3 18 2 P
-3 18 3 P
-3 18 4 G
-2 5 -17 P
-2 5 -16 P
-2 5 -15 P
-2 5 -14 P
-2 5 -13 P
-2 5 -12 P
-2 5 -11 P
-2 5 -10 P
-2 5 -9 P
-2 5 -8 P
-2 5 -7 P
-2 5 -6 P
-2 5 -5 P
-2 5 -4 P
-2 5 -3 P
-2 5 -2 P
-2 5 -1 P
-2 5 0 P
-2 5 1 P
-2 5 2 P
-2 5 3 P
-2 5 4 P
-2 5 5 P
-2 5 6 P
-2 5 7 P
-2 5 8 P
-2 5 9 P
-2 5 10 P
-2 5 11 P
-2 5 12 P
-2 5 13 P
-2 5 14 P
-2 5 15 P
-2 5 16 P
-2 5 17 P
-2 6 -19 B
-2 6 -18 B
-2 6 -17 P
-2 6 -16 P
-2 6 -15 P
-2 6 -14 P
-2 6 -13 P
-2 6 -12 P
-2 6 -11 P
-2 6 -10 P
-2 6 -9 P
-2 6 -8 P
-2 6 -7 P
-2 6 -6 P
-2 6 -5 P
-2 6 -4 P
-2 6 -3 P
-2 6 -2 P
-2 6 -1 P
-2 6 0 P
-2 6 1 P
-2 6 2 P
-2 6 3 P
-2 6 4 P
-2 6 5 P
-2 6 6 P
-2 6 7 P
-2 6 8 P
-2 6 9 P
-2 6 10 P
-2 6 11 P
-2 6 12 P
-2 6 13 P
-2 6 14 P
-2 6 15 P
-2 6 16 P
-2 6 17 P
-2 6 18 B
-2 6 19 B
-2 7 -19 P
-2 7 -18 P
-2 7 -17 P
-2 7 -16 P
-2 7 -15 P
-2 7 -14 P
-2 7 -13 P
-2 7 -12 P
-2 7 -11 P
-2 7 -10 P
-2 7 -9 P
-2 7 -8 P
-2 7 -7 P
-2 7 -6 P
-2 7 -5 P
-2 7 -4 P
-2 7 -3 P
-2 7 -2 P
-2 7 -1 P
-2 7 0 P
-2 7 1 P
-2 7 2 P
-2 7 3 P
-2 7 4 P
-2 7 5 P
-2 7 6 P
-2 7 7 P
-2 7 8 P
-2 7 9 P
-2 7 10 P
-2 7 11 P
-2 7 12 P
-2 7 13 P
-2 7 14 P
-2 7 15 P
-2 7 16 P
-2 7 17 P
-2 7 18 P
-2 7 19 P
-2 8 -19 P
-2 8 -18 P
-2 8 -17 P
-2 8 -16 P
-2 8 -15 P
-2 8 -14 P
-2 8 -13 P
-2 8 -12 P
-2 8 -11 P
-2 8 -10 P
-2 8 -9 P
-2 8 -8 P
-2 8 -7 P
-2 8 -6 P
-2 8 -5 P
-2 8 -4 P
-2 8 -3 P
-2 8 -2 P
-2 8 -1 P
-2 8 0 P
-2 8 1 P
-2 8 2 P
-2 8 3 P
-2 8 4 P
-2 8 5 P
-2 8 6 P
-2 8 7 P
-2 8 8 P
-2 8 9 P
-2 8 10 P
-2 8 11 P
-2 8 12 P
-2 8 13 P
-2 8 14 P
-2 8 15 P
-2 8 16 P
-2 8 17 P
-2 8 18 P
-2 9 -18 P
-2 9 -17 P
-2 9 -16 P
-2 9 -15 P
-2 9 -14 P
-2 9 -13 P
-2 9 -12 P
-2 9 -11 P
-2 9 -10 P
-2 9 -9 P
-2 9 -8 P
-2 9 -7 P
-2 9 -6 P
-2 9 -5 P
-2 9 -4 P
-2 9 -3 P
-2 9 -2 P
-2 9 -1 P
-2 9 0 P
-2 9 1 P
-2 9 2 P
-2 9 3 P
-2 9 4 P
-2 9 5 P
-2 9 6 P
-2 9 7 P
-2 9 8 P
-2 9 9 P
-2 9 10 P
-2 9 11 P
-2 9 12 P
-2 9 13 P
-2 9 14 P
-2 9 15 P
-2 9 16 P
-2 9 17 P
-2 9 18 P
-2 10 -18 P
-2 10 -17 P
-2 10 -16 P
-2 10 -15 P
-2 10 -14 P
-2 10 -13 P
-2 10 -12 P
-2 10 -11 P
-2 10 -10 P
-2 10 -9 P
-2 10 -8 P
-2 10 -7 P
-2 10 -6 P
-2 10 -5 P
-2 10 -4 P
-2 10 -3 P
-2 10 -2 P
-2 10 -1 P
-2 10 0 P
-2 10 1 P
-2 10 2 P
-2 10 3 P
-2 10 4 P
-2 10 5 P
-2 10 6 P
-2 10 7 P
-2 10 8 P
-2 10 9 P
-2 10 10 P
-2 10 11 P
-2 10 12 P
-2 10 13 P
-2 10 14 P
-2 10 15 P
-2 10 16 P
-2 10 17 P
-2 11 -18 P
-2 11 -17 P
-2 11 -16 P
-2 11 -15 P
-2 11 -14 P
-2 11 -13 P
-2 11 -12 P
-2 11 -11 P
-2 11 -10 P
-2 11 -9 P
-2 11 -8 P
-2 11 -7 P
-2 11 -6 P
-2 11 -5 P
-2 11 -4 P
-2 11 -3 P
-2 11 -2 P
-2 11 -1 P
-2 11 0 P
-2 11 1 P
-2 11 2 P
-2 11 3 P
-2 11 4 P
-2 11 5 P
-2 11 6 P
-2 11 7 P
-2 11 8 P
-2 11 9 P
-2 11 10 P
-2 11 11 P
-2 11 12 P
-2 11 13 P
-2 11 14 P
-2 11 15 P
-2 11 16 P
-2 12 -18 R
-2 12 -17 P
-2 12 -16 P
-2 12 -15 P
-2 12 -14 P
-2 12 -13 P
-2 12 -12 P
-2 12 -11 P
-2 12 -10 P
-2 12 -9 P
-2 12 -8 P
-2 12 -7 P
-2 12 -6 P
-2 12 -5 P
-2 12 -4 P
-2 12 -3 P
-2 12 -2 P
-2 12 -1 P
-2 12 0 P
-2 12 1 P
-2 12 2 P
-2 12 3 P
-2 12 4 P
-2 12 5 P
-2 12 6 P
-2 12 7 P
-2 12 8 P
-2 12 9 P
-2 12 10 P
-2 13 -16 P
-2 13 -15 P
-2 13 -14 P
-2 13 -13 P
-2 13 -12 P
-2 13 -11 P
-2 13 -10 P
-2 13 -9 P
-2 13 -8 P
-2 13 -7 P
-2 13 -6 P
-2 13 -5 P
-2 13 -4 P
-2 13 -3 P
-2 13 -2 P
-2 13 -1 P
-2 13 0 P
-2 13 1 P
-2 13 2 P
-2 13 3 P
-2 13 4 P
-2 13 5 P
-2 13 6 P
-2 13 7 P
-2 14 -11 G
-2 14 -10 P
-2 14 -9 P
-2 14 -8 P
-2 14 -7 P
-2 14 -6 P
-2 14 -5 P
-2 14 -4 P
-2 14 -3 P
-2 14 -2 P
-2 14 -1 P
-2 14 0 P
-2 14 1 P
-2 14 2 P
-2 14 3 P
-2 14 4 P
-2 14 5 P
-2 14 6 P
-2 14 7 G
-2 15 -10 G
-2 15 -9 P
-2 15 -8 P
-2 15 -7 P
-2 15 -6 P
-2 15 -5 P
-2 15 -4 P
-2 15 -3 P
-2 15 -2 P
-2 15 -1 P
-2 15 0 P
-2 15 1 P
-2 15 2 P
-2 15 3 P
-2 15 4 P
-2 15 5 P
-2 15 6 G
-2 16 -9 G
-2 16 -8 P
-2 16 -7 P
-2 16 -6 P
-2 16 -5 P
-2 16 -4 P
-2 16 -3 P
-2 16 -2 P
-2 16 -1 P
-2 16 0 P
-2 16 1 P
-2 16 2 P
-2 16 3 P
-2 16 4 P
-2 16 5 G
-2 17 -8 G
-2 17 -7 P
-2 17 -6 P
-2 17 -5 P
-2 17 -4 P
-2 17 -3 P
-2 17 -2 P
-2 17 -1 P
-2 17 0 P
-2 17 1 P
-2 17 2 P
-2 17 3 P
-2 17 4 G
-2 18 -7 P
-2 18 -6 P
-2 18 -5 P
-2 18 -4 P
-2 18 -3 P
-2 18 -2 P
-2 18 -1 P
-2 18 0 P
-2 18 1 P
-2 18 2 P
-2 18 3 P
-2 18 4 G
-1 5 -17 P
-1 5 -16 P
-1 5 -15 P
-1 5 -14 P
-1 5 -13 P
-1 5 -12 P
-1 5 -11 P
-1 5 -10 P
-1 5 -9 P
-1 5 -8 P
-1 5 -7 P
-1 5 -6 P
-1 5 -5 P
-1 5 -4 P
-1 5 -3 P
-1 5 -2 P
-1 5 -1 P
-1 5 0 P
-1 5 1 P
-1 5 2 P
-1 5 3 P
-1 5 4 P
-1 5 5 P
-1 5 6 P
-1 5 7 P
-1 5 8 P
-1 5 9 P
-1 5 10 P
-1 5 11 P
-1 5 12 P
-1 5 13 P
-1 5 14 P
-1 5 15 P
-1 5 16 P
-1 5 17 P
-1 6 -19 B
-1 6 -18 B
-1 6 -17 P
-1 6 -16 P
-1 6 -15 P
-1 6 -14 P
-1 6 -13 P
-1 6 -12 P
-1 6 -11 P
-1 6 -10 P
-1 6 -9 P
-1 6 -8 P
-1 6 -7 P
-1 6 -6 P
-1 6 -5 P
-1 6 -4 P
-1 6 -3 P
-1 6 -2 P
-1 6 -1 P
-1 6 0 P
-1 6 1 P
-1 6 2 P
-1 6 3 P
-1 6 4 P
-1 6 5 P
-1 6 6 P
-1 6 7 P
-1 6 8 P
-1 6 9 P
-1 6 10 P
-1 6 11 P
-1 6 12 P
-1 6 13 P
-1 6 14 P
-1 6 15 P
-1 6 16 P
-1 6 17 P
-1 6 18 B
-1 6 19 B
-1 7 -19 P
-1 7 -18 P
-1 7 -17 P
-1 7 -16 P
-1 7 -15 P
-1 7 -14 P
-1 7 -13 P
-1 7 -12 P
-1 7 -11 P
-1 7 -10 P
-1 7 -9 P
-1 7 -8 P
-1 7 -7 P
-1 7 -6 P
-1 7 -5 P
-1 7 -4 P
-1 7 -3 P
-1 7 -2 P
-1 7 -1 P
-1 7 0 P
-1 7 1 P
-1 7 2 P
-1 7 3 P
-1 7 4 P
-1 7 5 P
-1 7 6 P
-1 7 7 P
-1 7 8 P
-1 7 9 P
-1 7 10 P
-1 7 11 P
-1 7 12 P
-1 7 13 P
-1 7 14 P
-1 7 15 P
-1 7 16 P
-1 7 17 P
-1 7 18 P
-1 7 19 P
-1 8 -19 L
-1 8 -18 P
-1 8 -17 P
-1 8 -16 P
-1 8 -15 P
-1 8 -14 P
-1 8 -13 P
-1 8 -12 P
-1 8 -11 P
-1 8 -10 P
-1 8 -9 P
-1 8 -8 P
-1 8 -7 P
-1 8 -6 P
-1 8 -5 P
-1 8 -4 P
-1 8 -3 P
-1 8 -2 P
-1 8 -1 P
-1 8 0 P
-1 8 1 P
-1 8 2 P
-1 8 3 P
-1 8 4 P
-1 8 5 P
-1 8 6 P
-1 8 7 P
-1 8 8 P
-1 8 9 P
-1 8 10 P
-1 8 11 P
-1 8 12 P
-1 8 13 P
-1 8 14 P
-1 8 15 P
-1 8 16 P
-1 8 17 P
-1 8 18 P
-1 9 -18 L
-1 9 -17 P
-1 9 -16 P
-1 9 -15 P
-1 9 -14 P
-1 9 -13 P
-1 9 -12 P
-1 9 -11 P
-1 9 -10 P
-1 9 -9 P
-1 9 -8 P
-1 9 -7 P
-1 9 -6 P
-1 9 -5 P
-1 9 -4 P
-1 9 -3 P
-1 9 -2 P
-1 9 -1 P
-1 9 0 P
-1 9 1 P
-1 9 2 P
-1 9 3 P
-1 9 4 P
-1 9 5 P
-1 9 6 P
-1 9 7 P
-1 9 8 P
-1 9 9 P
-1 9 10 P
-1 9 11 P
-1 9 12 P
-1 9 13 P
-1 9 14 P
-1 9 15 P
-1 9 16 P
-1 9 17 P
-1 9 18 P
-1 10 -18 P
-1 10 -17 P
-1 10 -16 P
-1 10 -15 P
-1 10 -14 P
-1 10 -13 P
-1 10 -12 P
-1 10 -11 P
-1 10 -10 P
-1 10 -9 P
-1 10 -8 P
-1 10 -7 P
-1 10 -6 P
-1 10 -5 P
-1 10 -4 P
-1 10 -3 P
-1 10 -2 P
-1 10 -1 P
-1 10 0 P
-1 10 1 P
-1 10 2 P
-1 10 3 P
-1 10 4 P
-1 10 5 P
-1 10 6 P
-1 10 7 P
-1 10 8 P
-1 10 9 P
-1 10 10 P
-1 10 11 P
-1 10 12 P
-1 10 13 P
-1 10 14 P
-1 10 15 P
-1 10 16 P
-1 10 17 P
-1 11 -18 P
-1 11 -17 P
-1 11 -16 P
-1 11 -15 P
-1 11 -14 P
-1 11 -13 P
-1 11 -12 P
-1 11 -11 P
-1 11 -10 P
-1 11 -9 P
-1 11 -8 P
-1 11 -7 P
-1 11 -6 P
-1 11 -5 P
-1 11 -4 P
-1 11 -3 P
-1 11 -2 P
-1 11 -1 P
-1 11 0 P
-1 11 1 P
-1 11 2 P
-1 11 3 P
-1 11 4 P
-1 11 5 P
-1 11 6 P
-1 11 7 P
-1 11 8 P
-1 11 9 P
-1 11 10 P
-1 11 11 P
-1 11 12 P
-1 11 13 P
-1 11 14 P
-1 11 15 P
-1 11 16 P
-1 12 -18 R
-1 12 -17 P
-1 12 -16 P
-1 12 -15 P
-1 12 -14 P
-1 12 -13 P
-1 12 -12 P
-1 12 -11 P
-1 12 -10 P
-1 12 -9 P
-1 12 -8 P
-1 12 -7 P
-1 12 -6 P
-1 12 -5 P
-1 12 -4 P
-1 12 -3 P
-1 12 -2 P
-1 12 -1 P
-1 12 0 P
-1 12 1 P
-1 12 2 P
-1 12 3 P
-1 12 4 P
-1 12 5 P
-1 12 6 P
-1 12 7 P
-1 12 8 P
-1 12 9 P
-1 12 10 P
-1 13 -16 P
-1 13 -15 P
-1 13 -14 P
-1 13 -13 P
-1 13 -12 P
-1 13 -11 P
-1 13 -10 P
-1 13 -9 P
-1 13 -8 P
-1 13 -7 P
-1 13 -6 P
-1 13 -5 P
-1 13 -4 P
-1 13 -3 P
-1 13 -2 P
-1 13 -1 P
-1 13 0 P
-1 13 1 P
-1 13 2 P
-1 13 3 P
-1 13 4 P
-1 13 5 P
-1 13 6 P
-1 13 7 P
-1 14 -11 G
-1 14 -10 P
-1 14 -9 P
-1 14 -8 P
-1 14 -7 P
-1 14 -6 P
-1 14 -5 P
-1 14 -4 P
-1 14 -3 P
-1 14 -2 P
-1 14 -1 P
-1 14 0 P
-1 14 1 P
-1 14 2 P
-1 14 3 P
-1 14 4 P
-1 14 5 P
-1 14 6 P
-1 14 7 G
-1 15 -10 G
-1 15 -9 P
-1 15 -8 P
-1 15 -7 P
-1 15 -6 P
-1 15 -5 P
-1 15 -4 P
-1 15 -3 P
-1 15 -2 P
-1 15 -1 P
-1 15 0 P
-1 15 1 P
-1 15 2 P
-1 15 3 P
-1 15 4 P
-1 15 5 P
-1 15 6 G
-1 16 -9 G
-1 16 -8 P
-1 16 -7 P
-1 16 -6 P
-1 16 -5 P
-1 16 -4 P
-1 16 -3 P
-1 16 -2 P
-1 16 -1 P
-1 16 0 P
-1 16 1 P
-1 16 2 P
-1 16 3 P
-1 16 4 P
-1 16 5 G
-1 17 -8 G
-1 17 -7 P
-1 17 -6 P
-1 17 -5 P
-1 17 -4 P
-1 17 -3 P
-1 17 -2 P
-1 17 -1 P
-1 17 0 P
-1 17 1 P
-1 17 2 P
-1 17 3 P
-1 17 4 G
-1 18 -7 P
-1 18 -6 P
-1 18 -5 P
-1 18 -4 P
-1 18 -3 P
-1 18 -2 P
-1 18 -1 P
-1 18 0 P
-1 18 1 P
-1 18 2 P
-1 18 3 P
-1 18 4 G
0 5 -17 P
0 5 -16 P
0 5 -15 P
0 5 -14 P
0 5 -13 P
0 5 -12 P
0 5 -11 P
0 5 -10 P
0 5 -9 P
0 5 -8 P
0 5 -7 P
0 5 -6 P
0 5 -5 P
0 5 -4 P
0 5 -3 P
0 5 -2 P
0 5 -1 P
0 5 0 P
0 5 1 P
0 5 2 P
0 5 3 P
0 5 4 P
0 5 5 P
0 5 6 P
0 5 7 P
0 5 8 P
0 5 9 P
0 5 10 P
0 5 11 P
0 5 12 P
0 5 13 P
0 5 14 P
0 5 15 P
0 5 16 P
0 5 17 P
0 6 -19 B
0 6 -18 B
0 6 -17 P
0 6 -16 P
0 6 -15 P
0 6 -14 P
0 6 -13 P
0 6 -12 P
0 6 -11 P
0 6 -10 P
0 6 -9 P
0 6 -8 P
0 6 -7 P
0 6 -6 P
0 6 -5 P
0 6 -4 P
0 6 -3 P
0 6 -2 P
0 6 -1 P
0 6 0 P
0 6 1 P
0 6 2 P
0 6 3 P
0 6 4 P
0 6 5 P
0 6 6 P
0 6 7 P
0 6 8 P
0 6 9 P
0 6 10 P
0 6 11 P
0 6 12 P
0 6 13 P
0 6 14 P
0 6 15 P
0 6 16 P
0 6 17 P
0 6 18 B
0 6 19 B
0 7 -19 P
0 7 -18 P
0 7 -17 P
0 7 -16 P
0 7 -15 P
0 7 -14 P
0 7 -13 P
0 7 -12 P
0 7 -11 P
0 7 -10 P
0 7 -9 P
0 7 -8 P
0 7 -7 P
0 7 -6 P
0 7 -5 P
0 7 -4 P
0 7 -3 P
0 7 -2 P
0 7 -1 P
0 7 0 P
0 7 1 P
0 7 2 P
0 7 3 P
0 7 4 P
0 7 5 P
0 7 6 P
0 7 7 P
0 7 8 P
0 7 9 P
0 7 10 P
0 7 11 P
0 7 12 P
0 7 13 P
0 7 14 P
0 7 15 P
0 7 16 P
0 7 17 P
0 7 18 P
0 7 19 P
0 8 -19 L
0 8 -18 P
0 8 -17 P
0 8 -16 P
0 8 -15 P
0 8 -14 P
0 8 -13 P
0 8 -12 P
0 8 -11 P
0 8 -10 P
0 8 -9 P
0 8 -8 P
0 8 -7 P
0 8 -6 P
0 8 -5 P
0 8 -4 P
0 8 -3 P
0 8 -2 P
0 8 -1 P
0 8 0 P
0 8 1 P
0 8 2 P
0 8 3 P
0 8 4 P
0 8 5 P
0 8 6 P
0 8 7 P
0 8 8 P
0 8 9 P
0 8 10 P
0 8 11 P
0 8 12 P
0 8 13 P
0 8 14 P
0 8 15 P
0 8 16 P
0 8 17 P
0 8 18 P
0 9 -18 L
0 9 -17 P
0 9 -16 P
0 9 -15 P
0 9 -14 P
0 9 -13 P
0 9 -12 P
0 9 -11 P
0 9 -10 P
0 9 -9 P
0 9 -8 P
0 9 -7 P
0 9 -6 P
0 9 -5 P
0 9 -4 P
0 9 -3 P
0 9 -2 P
0 9 -1 P
0 9 0 P
0 9 1 P
0 9 2 P
0 9 3 P
0 9 4 P
0 9 5 P
0 9 6 P
0 9 7 P
0 9 8 P
0 9 9 P
0 9 10 P
0 9 11 P
0 9 12 P
0 9 13 P
0 9 14 P
0 9 15 P
0 9 16 P
0 9 17 P
0 9 18 P
0 10 -18 P
0 10 -17 P
0 10 -16 P
0 10 -15 P
0 10 -14 P
0 10 -13 P
0 10 -12 P
0 10 -11 P
0 10 -10 P
0 10 -9 P
0 10 -8 P
0 10 -7 P
0 10 -6 P
0 10 -5 P
0 10 -4 P
0 10 -3 P
0 10 -2 P
0 10 -1 P
0 10 0 P
0 10 1 P
0 10 2 P
0 10 3 P
0 10 4 P
0 10 5 P
0 10 6 P
0 10 7 P
0 10 8 P
0 10 9 P
0 10 10 P
0 10 11 P
0 10 12 P
0 10 13 P
0 10 14 P
0 10 15 P
0 10 16 P
0 10 17 P
0 11 -18 P
0 11 -17 P
0 11 -16 P
0 11 -15 P
0 11 -14 P
0 11 -13 P
0 11 -12 P
0 11 -11 P
0 11 -10 P
0 11 -9 P
0 11 -8 P
0 11 -7 P
0 11 -6 P
0 11 -5 P
0 11 -4 P
0 11 -3 P
0 11 -2 P
0 11 -1 P
0 11 0 P
0 11 1 P
0 11 2 P
0 11 3 P
0 11 4 P
0 11 5 P
0 11 6 P
0 11 7 P
0 11 8 P
0 11 9 P
0 11 10 P
0 11 11 P
0 11 12 P
0 11 13 P
0 11 14 P
0 11 15 P
0 11 16 P
0 12 -18 R
0 12 -17 P
0 12 -16 P
0 12 -15 P
0 12 -14 P
0 12 -13 P
0 12 -12 P
0 12 -11 P
0 12 -10 P
0 12 -9 P
0 12 -8 P
0 12 -7 P
0 12 -6 P
0 12 -5 P
0 12 -4 P
0 12 -3 P
0 12 -2 P
0 12 -1 P
0 12 0 P
0 12 1 P
0 12 2 P
0 12 3 P
0 12 4 P
0 12 5 P
0 12 6 P
0 12 7 P
0 12 8 P
0 12 9 P
0 12 10 P
0 13 -16 P
0 13 -15 P
0 13 -14 P
0 13 -13 P
0 13 -12 P
0 13 -11 P
0 13 -10 P
0 13 -9 P
0 13 -8 P
0 13 -7 P
0 13 -6 P
0 13 -5 P
0 13 -4 P
0 13 -3 P
0 13 -2 P
0 13 -1 P
0 13 0 P
0 13 1 P
0 13 2 P
0 13 3 P
0 13 4 P
0 13 5 P
0 13 6 P
0 13 7 P
0 14 -11 G
0 14 -10 P
0 14 -9 P
0 14 -8 P
0 14 -7 P
0 14 -6 P
0 14 -5 P
0 14 -4 P
0 14 -3 P
0 14 -2 P
0 14 -1 P
0 14 0 P
0 14 1 P
0 14 2 P
0 14 3 P
0 14 4 P
0 14 5 P
0 14 6 P
0 14 7 G
0 15 -10 G
0 15 -9 P
0 15 -8 P
0 15 -7 P
0 15 -6 P
0 15 -5 P
0 15 -4 P
0 15 -3 P
0 15 -2 P
0 15 -1 P
0 15 0 P
0 15 1 P
0 15 2 P
0 15 3 P
0 15 4 P
0 15 5 P
0 15 6 G
0 16 -9 G
0 16 -8 P
0 16 -7 P
0 16 -6 P
0 16 -5 P
0 16 -4 P
0 16 -3 P
0 16 -2 P
0 16 -1 P
0 16 0 P
0 16 1 P
0 16 2 P
0 16 3 P
0 16 4 P
0 16 5 G
0 17 -8 G
0 17 -7 P
0 17 -6 P
0 17 -5 P
0 17 -4 P
0 17 -3 P
0 17 -2 P
0 17 -1 P
0 17 0 P
0 17 1 P
0 17 2 P
0 17 3 P
0 17 4 G
0 18 -7 P
0 18 -6 P
0 18 -5 P
0 18 -4 P
0 18 -3 P
0 18 -2 P
0 18 -1 P
0 18 0 P
0 18 1 P
0 18 2 P
0 18 3 P
0 18 4 G
1 5 -17 P
1 5 -16 P
1 5 -15 P
1 5 -14 P
1 5 -13 P
1 5 -12 P
1 5 -11 P
1 5 -10 P
1 5 -9 P
1 5 -8 P
1 5 -7 P
1 5 -6 P
1 5 -5 P
1 5 -4 P
1 5 -3 P
1 5 -2 P
1 5 -1 P
1 5 0 P
1 5 1 P
1 5 2 P
1 5 3 P
1 5 4 P
1 5 5 P
1 5 6 P
1 5 7 P
1 5 8 P
1 5 9 P
1 5 10 P
1 5 11 P
1 5 12 P
1 5 13 P
1 5 14 P
1 5 15 P
1 5 16 P
1 5 17 P
1 6 -19 B
1 6 -18 B
1 6 -17 P
1 6 -16 P
1 6 -15 P
1 6 -14 P
1 6 -13 P
1 6 -12 P
1 6 -11 P
1 6 -10 P
1 6 -9 P
1 6 -8 P
1 6 -7 P
1 6 -6 P
1 6 -5 P
1 6 -4 P
1 6 -3 P
1 6 -2 P
1 6 -1 P
1 6 0 P
1 6 1 P
1 6 2 P
1 6 3 P
1 6 4 P
1 6 5 P
1 6 6 P
1 6 7 P
1 6 8 P
1 6 9 P
1 6 10 P
1 6 11 P
1 6 12 P
1 6 13 P
1 6 14 P
1 6 15 P
1 6 16 P
1 6 17 P
1 6 18 B
1 6 19 B
1 7 -19 P
1 7 -18 P
1 7 -17 P
1 7 -16 P
1 7 -15 P
1 7 -14 P
1 7 -13 P
1 7 -12 P
1 7 -11 P
1 7 -10 P
1 7 -9 P
1 7 -8 P
1 7 -7 P
1 7 -6 P
1 7 -5 P
1 7 -4 P
1 7 -3 P
1 7 -2 P
1 7 -1 P
1 7 0 P
1 7 1 P
1 7 2 P
1 7 3 P
1 7 4 P
1 7 5 P
1 7 6 P
1 7 7 P
1 7 8 P
1 7 9 P
1 7 10 P
1 7 11 P
1 7 12 P
1 7 13 P
1 7 14 P
1 7 15 P
1 7 16 P
1 7 17 P
1 7 18 P
1 7 19 P
1 8 -19 L
1 8 -18 P
1 8 -17 P
1 8 -16 P
1 8 -15 P
1 8 -14 P
1 8 -13 P
1 8 -12 P
1 8 -11 P
1 8 -10 P
1 8 -9 P
1 8 -8 P
1 8 -7 P
1 8 -6 P
1 8 -5 P
1 8 -4 P
1 8 -3 P
1 8 -2 P
1 8 -1 P
1 8 0 P
1 8 1 P
1 8 2 P
1 8 3 P
1 8 4 P
1 8 5 P
1 8 6 P
1 8 7 P
1 8 8 P
1 8 9 P
1 8 10 P
1 8 11 P
1 8 12 P
1 8 13 P
1 8 14 P
1 8 15 P
1 8 16 P
1 8 17 P
1 8 18 P
1 9 -18 L
1 9 -17 P
1 9 -16 P
1 9 -15 P
1 9 -14 P
1 9 -13 P
1 9 -12 P
1 9 -11 P
1 9 -10 P
1 9 -9 P
1 9 -8 P
1 9 -7 P
1 9 -6 P
1 9 -5 P
1 9 -4 P
1 9 -3 P
1 9 -2 P
1 9 -1 P
1 9 0 P
1 9 1 P
1 9 2 P
1 9 3 P
1 9 4 P
1 9 5 P
1 9 6 P
1 9 7 P
1 9 8 P
1 9 9 P
1 9 10 P
1 9 11 P
1 9 12 P
1 9 13 P
1 9 14 P
1 9 15 P
1 9 16 P
1 9 17 P
1 9 18 P
1 10 -18 P
1 10 -17 P
1 10 -16 P
1 10 -15 P
1 10 -14 P
1 10 -13 P
1 10 -12 P
1 10 -11 P
1 10 -10 P
1 10 -9 P
1 10 -8 P
1 10 -7 P
1 10 -6 P
1 10 -5 P
1 10 -4 P
1 10 -3 P
1 10 -2 P
1 10 -1 P
1 10 0 P
1 10 1 P
1 10 2 P
1 10 3 P
1 10 4 P
1 10 5 P
1 10 6 P
1 10 7 P
1 10 8 P
1 10 9 P
1 10 10 P
1 10 11 P
1 10 12 P
1 10 13 P
1 10 14 P
1 10 15 P
1 10 16 P
1 10 17 P
1 11 -18 P
1 11 -17 P
1 11 -16 P
1 11 -15 P
1 11 -14 P
1 11 -13 P
1 11 -12 P
1 11 -11 P
1 11 -10 P
1 11 -9 P
1 11 -8 P
1 11 -7 P
1 11 -6 P
1 11 -5 P
1 11 -4 P
1 11 -3 P
1 11 -2 P
1 11 -1 P
1 11 0 P
1 11 1 P
1 11 2 P
1 11 3 P
1 11 4 P
1 11 5 P
1 11 6 P
1 11 7 P
1 11 8 P
1 11 9 P
1 11 10 P
1 11 11 P
1 11 12 P
1 11 13 P
1 11 14 P
1 11 15 P
1 11 16 P
1 12 -18 R
1 12 -17 P
1 12 -16 P
1 12 -15 P
1 12 -14 P
1 12 -13 P
1 12 -12 P
1 12 -11 P
1 12 -10 P
1 12 -9 P
1 12 -8 P
1 12 -7 P
1 12 -6 P
1 12 -5 P
1 12 -4 P
1 12 -3 P
1 12 -2 P
1 12 -1 P
1 12 0 P
1 12 1 P
1 12 2 P
1 12 3 P
1 12 4 P
1 12 5 P
1 12 6 P
1 12 7 P
1 12 8 P
1 12 9 P
1 12 10 P
1 13 -16 P
1 13 -15 P
1 13 -14 P
1 13 -13 P
1 13 -12 P
1 13 -11 P
1 13 -10 P
1 13 -9 P
1 13 -8 P
1 13 -7 P
1 13 -6 P
1 13 -5 P
1 13 -4 P
1 13 -3 P
1 13 -2 P
1 13 -1 P
1 13 0 P
1 13 1 P
1 13 2 P
1 13 3 P
1 13 4 P
1 13 5 P
1 13 6 P
1 13 7 P
1 14 -11 G
1 14 -10 P
1 14 -9 P
1 14 -8 P
1 14 -7 P
1 14 -6 P
1 14 -5 P
1 14 -4 P
1 14 -3 P
1 14 -2 P
1 14 -1 P
1 14 0 P
1 14 1 P
1 14 2 P
1 14 3 P
1 14 4 P
1 14 5 P
1 14 6 P
1 14 7 G
1 15 -10 G
1 15 -9 P
1 15 -8 P
1 15 -7 P
1 15 -6 P
1 15 -5 P
1 15 -4 P
1 15 -3 P
1 15 -2 P
1 15 -1 P
1 15 0 P
1 15 1 P
1 15 2 P
1 15 3 P
1 15 4 P
1 15 5 P
1 15 6 G
1 16 -9 G
1 16 -8 P
1 16 -7 P
1 16 -6 P
1 16 -5 P
1 16 -4 P
1 16 -3 P
1 16 -2 P
1 16 -1 P
1 16 0 P
1 16 1 P
1 16 2 P
1 16 3 P
1 16 4 P
1 16 5 G
1 17 -8 G
1 17 -7 P
1 17 -6 P
1 17 -5 P
1 17 -4 P
1 17 -3 P
1 17 -2 P
1 17 -1 P
1 17 0 P
1 17 1 P
1 17 2 P
1 17 3 P
1 17 4 G
1 18 -7 P
1 18 -6 P
1 18 -5 P
1 18 -4 P
1 18 -3 P
1 18 -2 P
1 18 -1 P
1 18 0 P
1 18 1 P
1 18 2 P
1 18 3 P
1 18 4 G
2 5 -17 P
2 5 -16 P
2 5 -15 P
2 5 -14 P
2 5 -13 P
2 5 -12 P
2 5 -11 P
2 5 -10 P
2 5 -9 P
2 5 -8 P
2 5 -7 P
2 5 -6 P
2 5 -5 P
2 5 -4 P
2 5 -3 P
2 5 -2 P
2 5 -1 P
2 5 0 P
2 5 1 P
2 5 2 P
2 5 3 P
2 5 4 P
2 5 5 P
2 5 6 P
2 5 7 P
2 5 8 P
2 5 9 P
2 5 10 P
2 5 11 P
2 5 12 P
2 5 13 P
2 5 14 P
2 5 15 P
2 5 16 P
2 5 17 P
2 6 -19 B
2 6 -18 B
2 6 -17 P
2 6 -16 P
2 6 -15 P
2 6 -14 P
2 6 -13 P
2 6 -12 P
2 6 -11 P
2 6 -10 P
2 6 -9 P
2 6 -8 P
2 6 -7 P
2 6 -6 P
2 6 -5 P
2 6 -4 P
2 6 -3 P
2 6 -2 P
2 6 -1 P
2 6 0 P
2 6 1 P
2 6 2 P
2 6 3 P
2 6 4 P
2 6 5 P
2 6 6 P
2 6 7 P
2 6 8 P
2 6 9 P
2 6 10 P
2 6 11 P
2 6 12 P
2 6 13 P
2 6 14 P
2 6 15 P
2 6 16 P
2 6 17 P
2 6 18 B
2 6 19 B
2 7 -19 P
2 7 -18 P
2 7 -17 P
2 7 -16 P
2 7 -15 P
2 7 -14 P
2 7 -13 P
2 7 -12 P
2 7 -11 P
2 7 -10 P
2 7 -9 P
2 7 -8 P
2 7 -7 P
2 7 -6 P
2 7 -5 P
2 7 -4 P
2 7 -3 P
2 7 -2 P
2 7 -1 P
2 7 0 P
2 7 1 P
2 7 2 P
2 7 3 P
2 7 4 P
2 7 5 P
2 7 6 P
2 7 7 P
2 7 8 P
2 7 9 P
2 7 10 P
2 7 11 P
2 7 12 P
2 7 13 P
2 7 14 P
2 7 15 P
2 7 16 P
2 7 17 P
2 7 18 P
2 7 19 P
2 8 -19 P
2 8 -18 P
2 8 -17 P
2 8 -16 P
2 8 -15 P
2 8 -14 P
2 8 -13 P
2 8 -12 P
2 8 -11 P
2 8 -10 P
2 8 -9 P
2 8 -8 P
2 8 -7 P
2 8 -6 P
2 8 -5 P
2 8 -4 P
2 8 -3 P
2 8 -2 P
2 8 -1 P
2 8 0 P
2 8 1 P
2 8 2 P
2 8 3 P
2 8 4 P
2 8 5 P
2 8 6 P
2 8 7 P
2 8 8 P
2 8 9 P
2 8 10 P
2 8 11 P
2 8 12 P
2 8 13 P
2 8 14 P
2 8 15 P
2 8 16 P
2 8 17 P
2 8 18 P
2 9 -18 P
2 9 -17 P
2 9 -16 P
2 9 -15 P
2 9 -14 P
2 9 -13 P
2 9 -12 P
2 9 -11 P
2 9 -10 P
2 9 -9 P
2 9 -8 P
2 9 -7 P
2 9 -6 P
2 9 -5 P
2 9 -4 P
2 9 -3 P
2 9 -2 P
2 9 -1 P
2 9 0 P
2 9 1 P
2 9 2 P
2 9 3 P
2 9 4 P
2 9 5 P
2 9 6 P
2 9 7 P
2 9 8 P
2 9 9 P
2 9 10 P
2 9 11 P
2 9 12 P
2 9 13 P
2 9 14 P
2 9 15 P
2 9 16 P
2 9 17 P
2 9 18 P
2 10 -18 P
2 10 -17 P
2 10 -16 P
2 10 -15 P
2 10 -14 P
2 10 -13 P
2 10 -12 P
2 10 -11 P
2 10 -10 P
2 10 -9 P
2 10 -8 P
2 10 -7 P
2 10 -6 P
2 10 -5 P
2 10 -4 P
2 10 -3 P
2 10 -2 P
2 10 -1 P
2 10 0 P
2 10 1 P
2 10 2 P
2 10 3 P
2 10 4 P
2 10 5 P
2 10 6 P
2 10 7 P
2 10 8 P
2 10 9 P
2 10 10 P
2 10 11 P
2 10 12 P
2 10 13 P
2 10 14 P
2 10 15 P
2 10 16 P
2 10 17 P
2 11 -18 P
2 11 -17 P
2 11 -16 P
2 11 -15 P
2 11 -14 P
2 11 -13 P
2 11 -12 P
2 11 -11 P
2 11 -10 P
2 11 -9 P
2 11 -8 P
2 11 -7 P
2 11 -6 P
2 11 -5 P
2 11 -4 P
2 11 -3 P
2 11 -2 P
2 11 -1 P
2 11 0 P
2 11 1 P
2 11 2 P
2 11 3 P
2 11 4 P
2 11 5 P
2 11 6 P
2 11 7 P
2 11 8 P
2 11 9 P
2 11 10 P
2 11 11 P
2 11 12 P
2 11 13 P
2 11 14 P
2 11 15 P
2 11 16 P
2 12 -18 R
2 12 -17 P
2 12 -16 P
2 12 -15 P
2 12 -14 P
2 12 -13 P
2 12 -12 P
2 12 -11 P
2 12 -10 P
2 12 -9 P
2 12 -8 P
2 12 -7 P
2 12 -6 P
2 12 -5 P
2 12 -4 P
2 12 -3 P
2 12 -2 P
2 12 -1 P
2 12 0 P
2 12 1 P
2 12 2 P
2 12 3 P
2 12 4 P
2 12 5 P
2 12 6 P
2 12 7 P
2 12 8 P
2 12 9 P
2 12 10 P
2 13 -16 P
2 13 -15 P
2 13 -14 P
2 13 -13 P
2 13 -12 P
2 13 -11 P
2 13 -10 P
2 13 -9 P
2 13 -8 P
2 13 -7 P
2 13 -6 P
2 13 -5 P
2 13 -4 P
2 13 -3 P
2 13 -2 P
2 13 -1 P
2 13 0 P
2 13 1 P
2 13 2 P
2 13 3 P
2 13 4 P
2 13 5 P
2 13 6 P
2 13 7 P
2 14 -11 G
2 14 -10 P
2 14 -9 P
2 14 -8 P
2 14 -7 P
2 14 -6 P
2 14 -5 P
2 14 -4 P
2 14 -3 P
2 14 -2 P
2 14 -1 P
2 14 0 P
2 14 1 P
2 14 2 P
2 14 3 P
2 14 4 P
2 14 5 P
2 14 6 P
2 14 7 G
2 15 -10 G
2 15 -9 P
2 15 -8 P
2 15 -7 P
2 15 -6 P
2 15 -5 P
2 15 -4 P
2 15 -3 P
2 15 -2 P
2 15 -1 P
2 15 0 P
2 15 1 P
2 15 2 P
2 15 3 P
2 15 4 P
2 15 5 P
2 15 6 G
2 16 -9 G
2 16 -8 P
2 16 -7 P
2 16 -6 P
2 16 -5 P
2 16 -4 P
2 16 -3 P
2 16 -2 P
2 16 -1 P
2 16 0 P
2 16 1 P
2 16 2 P
2 16 3 P
2 16 4 P
2 16 5 G
2 17 -8 G
2 17 -7 P
2 17 -6 P
2 17 -5 P
2 17 -4 P
2 17 -3 P
2 17 -2 P
2 17 -1 P
2 17 0 P
2 17 1 P
2 17 2 P
2 17 3 P
2 17 4 G
2 18 -7 P
2 18 -6 P
2 18 -5 P
2 18 -4 P
2 18 -3 P
2 18 -2 P
2 18 -1 P
2 18 0 P
2 18 1 P
2 18 2 P
2 18 3 P
2 18 4 G
3 5 -17 P
3 5 -16 P
3 5 -15 P
3 5 -14 P
3 5 -13 P
3 5 -12 P
3 5 -11 P
3 5 -10 P
3 5 -9 P
3 5 -8 P
3 5 -7 P
3 5 -6 P
3 5 -5 P
3 5 -4 P
3 5 -3 P
3 5 -2 P
3 5 -1 P
3 5 0 P
3 5 1 P
3 5 2 P
3 5 3 P
3 5 4 P
3 5 5 P
3 5 6 P
3 5 7 P
3 5 8 P
3 5 9 P
3 5 10 P
3 5 11 P
3 5 12 P
3 5 13 P
3 5 14 P
3 5 15 P
3 5 16 P
3 5 17 P
3 6 -19 B
3 6 -18 B
3 6 -17 P
3 6 -16 P
3 6 -15 P
3 6 -14 P
3 6 -13 P
3 6 -12 P
3 6 -11 P
3 6 -10 P
3 6 -9 P
3 6 -8 P
3 6 -7 P
3 6 -6 P
3 6 -5 P
3 6 -4 P
3 6 -3 P
3 6 -2 P
3 6 -1 P
3 6 0 P
3 6 1 P
3 6 2 P
3 6 3 P
3 6 4 P
3 6 5 P
3 6 6 P
3 6 7 P
3 6 8 P
3 6 9 P
3 6 10 P
3 6 11 P
3 6 12 P
3 6 13 P
3 6 14 P
3 6 15 P
3 6 16 P
3 6 17 P
3 6 18 B
3 6 19 B
3 7 -19 P
3 7 -18 P
3 7 -17 P
3 7 -16 P
3 7 -15 P
3 7 -14 P
3 7 -13 P
3 7 -12 P
3 7 -11 P
3 7 -10 P
3 7 -9 P
3 7 -8 P
3 7 -7 P
3 7 -6 P
3 7 -5 P
3 7 -4 P
3 7 -3 P
3 7 -2 P
3 7 -1 P
3 7 0 P
3 7 1 P
3 7 2 P
3 7 3 P
3 7 4 P
3 7 5 P
3 7 6 P
3 7 7 P
3 7 8 P
3 7 9 P
3 7 10 P
3 7 11 P
3 7 12 P
3 7 13 P
3 7 14 P
3 7 15 P
3 7 16 P
3 7 17 P
3 7 18 P
3 7 19 P
3 8 -19 P
3 8 -18 P
3 8 -17 P
3 8 -16 P
3 8 -15 P
3 8 -14 P
3 8 -13 P
3 8 -12 P
3 8 -11 P
3 8 -10 P
3 8 -9 P
3 8 -8 P
3 8 -7 P
3 8 -6 P
3 8 -5 P
3 8 -4 P
3 8 -3 P
3 8 -2 P
3 8 -1 P
3 8 0 P
3 8 1 P
3 8 2 P
3 8 3 P
3 8 4 P
3 8 5 P
3 8 6 P
3 8 7 P
3 8 8 P
3 8 9 P
3 8 10 P
3 8 11 P
3 8 12 P
3 8 13 P
3 8 14 P
3 8 15 P
3 8 16 P
3 8 17 P
3 8 18 P
3 9 -18 P
3 9 -17 P
3 9 -16 P
3 9 -15 P
3 9 -14 P
3 9 -13 P
3 9 -12 P
3 9 -11 P
3 9 -10 P
3 9 -9 P
3 9 -8 P
3 9 -7 P
3 9 -6 P
3 9 -5 P
3 9 -4 P
3 9 -3 P
3 9 -2 P
3 9 -1 P
3 9 0 P
3 9 1 P
3 9 2 P
3 9 3 P
3 9 4 P
3 9 5 P
3 9 6 P
3 9 7 P
3 9 8 P
3 9 9 P
3 9 10 P
3 9 11 P
3 9 12 P
3 9 13 P
3 9 14 P
3 9 15 P
3 9 16 P
3 9 17 P
3 9 18 P
3 10 -18 P
3 10 -17 P
3 10 -16 P
3 10 -15 P
3 10 -14 P
3 10 -13 P
3 10 -12 P
3 10 -11 P
3 10 -10 P
3 10 -9 P
3 10 -8 P
3 10 -7 P
3 10 -6 P
3 10 -5 P
3 10 -4 P
3 10 -3 P
3 10 -2 P
3 10 -1 P
3 10 0 P
3 10 1 P
3 10 2 P
3 10 3 P
3 10 4 P
3 10 5 P
3 10 6 P
3 10 7 P
3 10 8 P
3 10 9 P
3 10 10 P
3 10 11 P
3 10 12 P
3 10 13 P
3 10 14 P
3 10 15 P
3 10 16 P
3 10 17 P
3 11 -18 P
3 11 -17 P
3 11 -16 P
3 11 -15 P
3 11 -14 P
3 11 -13 P
3 11 -12 P
3 11 -11 P
3 11 -10 P
3 11 -9 P
3 11 -8 P
3 11 -7 P
3 11 -6 P
3 11 -5 P
3 11 -4 P
3 11 -3 P
3 11 -2 P
3 11 -1 P
3 11 0 P
3 11 1 P
3 11 2 P
3 11 3 P
3 11 4 P
3 11 5 P
3 11 6 P
3 11 7 P
3 11 8 P
3 11 9 P
3 11 10 P
3 11 11 P
3 11 12 P
3 11 13 P
3 11 14 P
3 11 15 P
3 11 16 P
3 12 -18 R
3 12 -17 P
3 12 -16 P
3 12 -15 P
3 12 -14 P
3 12 -13 P
3 12 -12 P
3 12 -11 P
3 12 -10 P
3 12 -9 P
3 12 -8 P
3 12 -7 P
3 12 -6 P
3 12 -5 P
3 12 -4 P
3 12 -3 P
3 12 -2 P
3 12 -1 P
3 12 0 P
3 12 1 P
3 12 2 P
3 12 3 P
3 12 4 P
3 12 5 P
3 12 6 P
3 12 7 P
3 12 8 P
3 12 9 P
3 12 10 P
3 13 -16 P
3 13 -15 P
3 13 -14 P
3 13 -13 P
3 13 -12 P
3 13 -11 P
3 13 -10 P
3 13 -9 P
3 13 -8 P
3 13 -7 P
3 13 -6 P
3 13 -5 P
3 13 -4 P
3 13 -3 P
3 13 -2 P
3 13 -1 P
3 13 0 P
3 13 1 P
3 13 2 P
3 13 3 P
3 13 4 P
3 13 5 P
3 13 6 P
3 13 7 P
3 14 -11 G
3 14 -10 P
3 14 -9 P
3 14 -8 P
3 14 -7 P
3 14 -6 P
3 14 -5 P
3 14 -4 P
3 14 -3 P
3 14 -2 P
3 14 -1 P
3 14 0 P
3 14 1 P
3 14 2 P
3 14 3 P
3 14 4 P
3 14 5 P
3 14 6 P
3 14 7 G
3 15 -10 G
3 15 -9 P
3 15 -8 P
3 15 -7 P
3 15 -6 P
3 15 -5 P
3 15 -4 P
3 15 -3 P
3 15 -2 P
3 15 -1 P
3 15 0 P
3 15 1 P
3 15 2 P
3 15 3 P
3 15 4 P
3 15 5 P
3 15 6 G
3 16 -9 G
3 16 -8 P
3 16 -7 P
3 16 -6 P
3 16 -5 P
3 16 -4 P
3 16 -3 P
3 16 -2 P
3 16 -1 P
3 16 0 P
3 16 1 P
3 16 2 P
3 16 3 P
3 16 4 P
3 16 5 G
3 17 -8 G
3 17 -7 P
3 17 -6 P
3 17 -5 P
3 17 -4 P
3 17 -3 P
3 17 -2 P
3 17 -1 P
3 17 0 P
3 17 1 P
3 17 2 P
3 17 3 P
3 17 4 G
3 18 -7 P
3 18 -6 P
3 18 -5 P
3 18 -4 P
3 18 -3 P
3 18 -2 P
3 18 -1 P
3 18 0 P
3 18 1 P
3 18 2 P
3 18 3 P
3 18 4 G
4 5 -17 P
4 5 -16 P
4 5 -15 P
4 5 -14 P
4 5 -13 P
4 5 -12 P
4 5 -11 P
4 5 -10 P
4 5 -9 P
4 5 -8 P
4 5 -7 P
4 5 -6 P
4 5 -5 P
4 5 -4 P
4 5 -3 P
4 5 -2 P
4 5 -1 P
4 5 0 P
4 5 1 P
4 5 2 P
4 5 3 P
4 5 4 P
4 5 5 P
4 5 6 P
4 5 7 P
4 5 8 P
4 5 9 P
4 5 10 P
4 5 11 P
4 5 12 P
4 5 13 P
4 5 14 P
4 5 15 P
4 5 16 P
4 5 17 P
4 6 -19 B
4 6 -18 B
4 6 -17 P
4 6 -16 P
4 6 -15 P
4 6 -14 P
4 6 -13 P
4 6 -12 P
4 6 -11 P
4 6 -10 P
4 6 -9 P
4 6 -8 P
4 6 -7 P
4 6 -6 P
4 6 -5 P
4 6 -4 P
4 6 -3 P
4 6 -2 P
4 6 -1 P
4 6 0 P
4 6 1 P
4 6 2 P
4 6 3 P
4 6 4 P
4 6 5 P
4 6 6 P
4 6 7 P
4 6 8 P
4 6 9 P
4 6 10 P
4 6 11 P
4 6 12 P
4 6 13 P
4 6 14 P
4 6 15 P
4 6 16 P
4 6 17 P
4 6 18 B
4 6 19 B
4 7 -19 P
4 7 -18 P
4 7 -17 P
4 7 -16 P
4 7 -15 P
4 7 -14 P
4 7 -13 P
4 7 -12 P
4 7 -11 P
4 7 -10 P
4 7 -9 P
4 7 -8 P
4 7 -7 P
4 7 -6 P
4 7 -5 P
4 7 -4 P
4 7 -3 P
4 7 -2 P
4 7 -1 P
4 7 0 P
4 7 1 P
4 7 2 P
4 7 3 P
4 7 4 P
4 7 5 P
4 7 6 P
4 7 7 P
4 7 8 P
4 7 9 P
4 7 10 P
4 7 11 P
4 7 12 P
4 7 13 P
4 7 14 P
4 7 15 P
4 7 16 P
4 7 17 P
4 7 18 P
4 7 19 P
4 8 -19 P
4 8 -18 P
4 8 -17 P
4 8 -16 P
4 8 -15 P
4 8 -14 P
4 8 -13 P
4 8 -12 P
4 8 -11 P
4 8 -10 P
4 8 -9 P
4 8 -8 P
4 8 -7 P
4 8 -6 P
4 8 -5 P
4 8 -4 P
4 8 -3 P
4 8 -2 P
4 8 -1 P
4 8 0 P
4 8 1 P
4 8 2 P
4 8 3 P
4 8 4 P
4 8 5 P
4 8 6 P
4 8 7 P
4 8 8 P
4 8 9 P
4 8 10 P
4 8 11 P
4 8 12 P
4 8 13 P
4 8 14 P
4 8 15 P
4 8 16 P
4 8 17 P
4 8 18 P
4 9 -18 P
4 9 -17 P
4 9 -16 P
4 9 -15 P
4 9 -14 P
4 9 -13 P
4 9 -12 P
4 9 -11 P
4 9 -10 P
4 9 -9 P
4 9 -8 P
4 9 -7 P
4 9 -6 P
4 9 -5 P
4 9 -4 P
4 9 -3 P
4 9 -2 P
4 9 -1 P
4 9 0 P
4 9 1 P
4 9 2 P
4 9 3 P
4 9 4 P
4 9 5 P
4 9 6 P
4 9 7 P
4 9 8 P
4 9 9 P
4 9 10 P
4 9 11 P
4 9 12 P
4 9 13 P
4 9 14 P
4 9 15 P
4 9 16 P
4 9 17 P
4 9 18 P
4 10 -18 P
4 10 -17 P
4 10 -16 P
4 10 -15 P
4 10 -14 P
4 10 -13 P
4 10 -12 P
4 10 -11 P
4 10 -10 P
4 10 -9 P
4 10 -8 P
4 10 -7 P
4 10 -6 P
4 10 -5 P
4 10 -4 P
4 10 -3 P
4 10 -2 P
4 10 -1 P
4 10 0 P
4 10 1 P
4 10 2 P
4 10 3 P
4 10 4 P
4 10 5 P
4 10 6 P
4 10 7 P
4 10 8 P
4 10 9 P
4 10 10 P
4 10 11 P
4 10 12 P
4 10 13 P
4 10 14 P
4 10 15 P
4 10 16 P
4 10 17 P
4 11 -18 P
4 11 -17 P
4 11 -16 P
4 11 -15 P
4 11 -14 P
4 11 -13 P
4 11 -12 P
4 11 -11 P
4 11 -10 P
4 11 -9 P
4 11 -8 P
4 11 -7 P
4 11 -6 P
4 11 -5 P
4 11 -4 P
4 11 -3 P
4 11 -2 P
4 11 -1 P
4 11 0 P
4 11 1 P
4 11 2 P
4 11 3 P
4 11 4 P
4 11 5 P
4 11 6 P
4 11 7 P
4 11 8 P
4 11 9 P
4 11 10 P
4 11 11 P
4 11 12 P
4 11 13 P
4 11 14 P
4 11 15 P
4 11 16 P
4 12 -17 P
4 12 -16 P
4 12 -15 P
4 12 -14 P
4 12 -13 P
4 12 -12 P
4 12 -11 P
4 12 -10 P
4 12 -9 P
4 12 -8 P
4 12 -7 P
4 12 -6 P
4 12 -5 P
4 12 -4 P
4 12 -3 P
4 12 -2 P
4 12 -1 P
4 12 0 P
4 12 1 P
4 12 2 P
4 12 3 P
4 12 4 P
4 12 5 P
4 12 6 P
4 12 7 P
4 12 8 P
4 12 9 P
4 12 10 P
4 13 -16 P
4 13 -15 P
4 13 -14 P
4 13 -13 P
4 13 -12 P
4 13 -11 P
4 13 -10 P
4 13 -9 P
4 13 -8 P
4 13 -7 P
4 13 -6 P
4 13 -5 P
4 13 -4 P
4 13 -3 P
4 13 -2 P
4 13 -1 P
4 13 0 P
4 13 1 P
4 13 2 P
4 13 3 P
4 13 4 P
4 13 5 P
4 13 6 P
4 13 7 P
4 14 -11 G
4 14 -10 P
4 14 -9 P
4 14 -8 P
4 14 -7 P
4 14 -6 P
4 14 -5 P
4 14 -4 P
4 14 -3 P
4 14 -2 P
4 14 -1 P
4 14 0 P
4 14 1 P
4 14 2 P
4 14 3 P
4 14 4 P
4 14 5 P
4 14 6 P
4 14 7 G
4 15 -10 G
4 15 -9 P
4 15 -8 P
4 15 -7 P
4 15 -6 P
4 15 -5 P
4 15 -4 P
4 15 -3 P
4 15 -2 P
4 15 -1 P
4 15 0 P
4 15 1 P
4 15 2 P
4 15 3 P
4 15 4 P
4 15 5 P
4 15 6 G
4 16 -9 G
4 16 -8 P
4 16 -7 P
4 16 -6 P
4 16 -5 P
4 16 -4 P
4 16 -3 P
4 16 -2 P
4 16 -1 P
4 16 0 P
4 16 1 P
4 16 2 P
4 16 3 P
4 16 4 P
4 16 5 G
4 17 -8 G
4 17 -7 P
4 17 -6 P
4 17 -5 P
4 17 -4 P
4 17 -3 P
4 17 -2 P
4 17 -1 P
4 17 0 P
4 17 1 P
4 17 2 P
4 17 3 P
4 17 4 G
4 18 -7 P
4 18 -6 P
4 18 -5 P
4 18 -4 P
4 18 -3 P
4 18 -2 P
4 18 -1 P
4 18 0 P
4 18 1 P
4 18 2 P
4 18 3 P
4 18 4 P
5 5 -17 P
5 5 -16 P
5 5 -15 P
5 5 -14 P
5 5 -13 P
5 5 -12 P
5 5 -11 P
5 5 -10 P
5 5 -9 P
5 5 -8 P
5 5 -7 P
5 5 -6 P
5 5 -5 P
5 5 -4 P
5 5 -3 P
5 5 -2 P
5 5 -1 P
5 5 0 P
5 5 1 P
5 5 2 P
5 5 3 P
5 5 4 P
5 5 5 P
5 5 6 P
5 5 7 P
5 5 8 P
5 5 9 P
5 5 10 P
5 5 11 P
5 5 12 P
5 5 13 P
5 5 14 P
5 5 15 P
5 5 16 P
5 5 17 P
5 6 -17 B
5 6 -16 P
5 6 -15 P
5 6 -14 P
5 6 -13 P
5 6 -12 P
5 6 -11 P
5 6 -10 P
5 6 -9 P
5 6 -8 P
5 6 -7 P
5 6 -6 P
5 6 -5 P
5 6 -4 P
5 6 -3 P
5 6 -2 P
5 6 -1 P
5 6 0 P
5 6 1 P
5 6 2 P
5 6 3 P
5 6 4 P
5 6 5 P
5 6 6 P
5 6 7 P
5 6 8 P
5 6 9 P
5 6 10 P
5 6 11 P
5 6 12 P
5 6 13 P
5 6 14 P
5 6 15 P
5 6 16 P
5 6 17 B
5 7 -17 P
5 7 -16 P
5 7 -15 P
5 7 -14 P
5 7 -13 P
5 7 -12 P
5 7 -11 P
5 7 -10 P
5 7 -9 P
5 7 -8 P
5 7 -7 P
5 7 -6 P
5 7 -5 P
5 7 -4 P
5 7 -3 P
5 7 -2 P
5 7 -1 P
5 7 0 P
5 7 1 P
5 7 2 P
5 7 3 P
5 7 4 P
5 7 5 P
5 7 6 P
5 7 7 P
5 7 8 P
5 7 9 P
5 7 10 P
5 7 11 P
5 7 12 P
5 7 13 P
5 7 14 P
5 7 15 P
5 7 16 P
5 7 17 P
5 8 -17 P
5 8 -16 P
5 8 -15 P
5 8 -14 P
5 8 -13 P
5 8 -12 P
5 8 -11 P
5 8 -10 P
5 8 -9 P
5 8 -8 P
5 8 -7 P
5 8 -6 P
5 8 -5 P
5 8 -4 P
5 8 -3 P
5 8 -2 P
5 8 -1 P
5 8 0 P
5 8 1 P
5 8 2 P
5 8 3 P
5 8 4 P
5 8 5 P
5 8 6 P
5 8 7 P
5 8 8 P
5 8 9 P
5 8 10 P
5 8 11 P
5 8 12 P
5 8 13 P
5 8 14 P
5 8 15 P
5 8 16 P
5 8 17 P
5 9 -17 P
5 9 -16 P
5 9 -15 P
5 9 -14 P
5 9 -13 P
5 9 -12 P
5 9 -11 P
5 9 -10 P
5 9 -9 P
5 9 -8 P
5 9 -7 P
5 9 -6 P
5 9 -5 P
5 9 -4 P
5 9 -3 P
5 9 -2 P
5 9 -1 P
5 9 0 P
5 9 1 P
5 9 2 P
5 9 3 P
5 9 4 P
5 9 5 P
5 9 6 P
5 9 7 P
5 9 8 P
5 9 9 P
5 9 10 P
5 9 11 P
5 9 12 P
5 9 13 P
5 9 14 P
5 9 15 P
5 9 16 P
5 9 17 H
5 10 -17 P
5 10 -16 P
5 10 -15 P
5 10 -14 P
5 10 -13 P
5 10 -12 P
5 10 -11 P
5 10 -10 P
5 10 -9 P
5 10 -8 P
5 10 -7 P
5 10 -6 P
5 10 -5 P
5 10 -4 P
5 10 -3 P
5 10 -2 P
5 10 -1 P
5 10 0 P
5 10 1 P
5 10 2 P
5 10 3 P
5 10 4 P
5 10 5 P
5 10 6 P
5 10 7 P
5 10 8 P
5 10 9 P
5 10 10 P
5 10 11 P
5 10 12 P
5 10 13 P
5 10 14 P
5 10 15 P
5 10 16 P
5 10 17 H
5 11 -17 P
5 11 -16 P
5 11 -15 P
5 11 -14 P
5 11 -13 P
5 11 -12 P
5 11 -11 P
5 11 -10 P
5 11 -9 P
5 11 -8 P
5 11 -7 P
5 11 -6 P
5 11 -5 P
5 11 -4 P
5 11 -3 P
5 11 -2 P
5 11 -1 P
5 11 0 P
5 11 1 P
5 11 2 P
5 11 3 P
5 11 4 P
5 11 5 P
5 11 6 P
5 11 7 P
5 11 8 P
5 11 9 P
5 11 10 P
5 11 11 P
5 11 12 P
5 11 13 P
5 11 14 P
5 11 15 P
5 12 -17 P
5 12 -16 P
5 12 -15 P
5 12 -14 P
5 12 -13 P
5 12 -12 P
5 12 -11 P
5 12 -10 P
5 12 -9 P
5 12 -8 P
5 12 -7 P
5 12 -6 P
5 12 -5 P
5 12 -4 P
5 12 -3 P
5 12 -2 P
5 12 -1 P
5 12 0 P
5 12 1 P
5 12 2 P
5 12 3 P
5 12 4 P
5 12 5 P
5 12 6 P
5 12 7 P
5 12 8 P
5 12 9 P
5 12 10 P
5 13 -15 P
5 13 -14 P
5 13 -13 P
5 13 -12 P
5 13 -11 P
5 13 -10 P
5 13 -9 P
5 13 -8 P
5 13 -7 P
5 13 -6 P
5 13 -5 P
5 13 -4 P
5 13 -3 P
5 13 -2 P
5 13 -1 P
5 13 0 P
5 13 1 P
5 13 2 P
5 13 3 P
5 13 4 P
5 13 5 P
5 13 6 P
5 13 7 P
5 14 -11 G
5 14 -10 P
5 14 -9 P
5 14 -8 P
5 14 -7 P
5 14 -6 P
5 14 -5 P
5 14 -4 P
5 14 -3 P
5 14 -2 P
5 14 -1 P
5 14 0 P
5 14 1 P
5 14 2 P
5 14 3 P
5 14 4 P
5 14 5 P
5 14 6 P
5 14 7 P
5 15 -10 G
5 15 -9 P
5 15 -8 P
5 15 -7 P
5 15 -6 P
5 15 -5 P
5 15 -4 P
5 15 -3 P
5 15 -2 P
5 15 -1 P
5 15 0 P
5 15 1 P
5 15 2 P
5 15 3 P
5 15 4 P
5 15 5 P
5 15 6 G
5 16 -9 G
5 16 -8 P
5 16 -7 P
5 16 -6 P
5 16 -5 P
5 16 -4 P
5 16 -3 P
5 16 -2 P
5 16 -1 P
5 16 0 P
5 16 1 P
5 16 2 P
5 16 3 P
5 16 4 P
5 16 5 G
5 17 -8 G
5 17 -7 P
5 17 -6 P
5 17 -5 P
5 17 -4 P
5 17 -3 P
5 17 -2 P
5 17 -1 P
5 17 0 P
5 17 1 P
5 17 2 P
5 17 3 P
5 17 4 G
5 18 -7 P
5 18 -6 P
5 18 -5 P
5 18 -4 P
5 18 -3 P
5 18 -2 P
5 18 -1 P
5 18 0 P
5 18 1 P
5 18 2 P
5 18 3 P
6 5 -16 P
6 5 -15 P
6 5 -14 P
6 5 -13 P
6 5 -12 P
6 5 -11 P
6 5 -10 P
6 5 -9 P
6 5 -8 P
6 5 -7 P
6 5 -6 P
6 5 -5 P
6 5 -4 P
6 5 -3 P
6 5 -2 P
6 5 -1 P
6 5 0 P
6 5 1 P
6 5 2 P
6 5 3 P
6 5 4 P
6 5 5 P
6 5 6 P
6 5 7 P
6 5 8 P
6 5 9 P
6 5 10 P
6 5 11 P
6 5 12 P
6 5 13 P
6 5 14 P
6 5 15 P
6 5 16 P
6 6 -16 B
6 6 -15 P
6 6 -14 P
6 6 -13 P
6 6 -12 P
6 6 -11 P
6 6 -10 P
6 6 -9 P
6 6 -8 P
6 6 -7 P
6 6 -6 P
6 6 -5 P
6 6 -4 P
6 6 -3 P
6 6 -2 P
6 6 -1 P
6 6 0 P
6 6 1 P
6 6 2 P
6 6 3 P
6 6 4 P
6 6 5 P
6 6 6 P
6 6 7 P
6 6 8 P
6 6 9 P
6 6 10 P
6 6 11 P
6 6 12 P
6 6 13 P
6 6 14 P
6 6 15 P
6 6 16 B
6 7 -16 P
6 7 -15 P
6 7 -14 P
6 7 -13 P
6 7 -12 P
6 7 -11 P
6 7 -10 P
6 7 -9 P
6 7 -8 P
6 7 -7 P
6 7 -6 P
6 7 -5 P
6 7 -4 P
6 7 -3 P
6 7 -2 P
6 7 -1 P
6 7 0 P
6 7 1 P
6 7 2 P
6 7 3 P
6 7 4 P
6 7 5 P
6 7 6 P
6 7 7 P
6 7 8 P
6 7 9 P
6 7 10 P
6 7 11 P
6 7 12 P
6 7 13 P
6 7 14 P
6 7 15 P
6 7 16 P
6 8 -16 P
6 8 -15 P
6 8 -14 P
6 8 -13 P
6 8 -12 P
6 8 -11 P
6 8 -10 P
6 8 -9 P
6 8 -8 P
6 8 -7 P
6 8 -6 P
6 8 -5 P
6 8 -4 P
6 8 -3 P
6 8 -2 P
6 8 -1 P
6 8 0 P
6 8 1 P
6 8 2 P
6 8 3 P
6 8 4 P
6 8 5 P
6 8 6 P
6 8 7 P
6 8 8 P
6 8 9 P
6 8 10 P
6 8 11 P
6 8 12 P
6 8 13 P
6 8 14 P
6 8 15 P
6 8 16 P
6 9 -16 P
6 9 -15 P
6 9 -14 P
6 9 -13 P
6 9 -12 P
6 9 -11 P
6 9 -10 P
6 9 -9 P
6 9 -8 P
6 9 -7 P
6 9 -6 P
6 9 -5 P
6 9 -4 P
6 9 -3 P
6 9 -2 P
6 9 -1 P
6 9 0 P
6 9 1 P
6 9 2 P
6 9 3 P
6 9 4 P
6 9 5 P
6 9 6 P
6 9 7 P
6 9 8 P
6 9 9 P
6 9 10 P
6 9 11 P
6 9 12 P
6 9 13 P
6 9 14 P
6 9 15 P
6 9 16 H
6 10 -16 T
6 10 -15 P
6 10 -14 P
6 10 -13 P
6 10 -12 P
6 10 -11 P
6 10 -10 P
6 10 -9 P
6 10 -8 P
6 10 -7 P
6 10 -6 P
6 10 -5 P
6 10 -4 P
6 10 -3 P
6 10 -2 P
6 10 -1 P
6 10 0 P
6 10 1 P
6 10 2 P
6 10 3 P
6 10 4 P
6 10 5 P
6 10 6 P
6 10 7 P
6 10 8 P
6 10 9 P
6 10 10 P
6 10 11 P
6 10 12 P
6 10 13 P
6 10 14 P
6 10 15 P
6 10 16 H
6 11 -16 T
6 11 -15 P
6 11 -14 P
6 11 -13 P
6 11 -12 P
6 11 -11 P
6 11 -10 P
6 11 -9 P
6 11 -8 P
6 11 -7 P
6 11 -6 P
6 11 -5 P
6 11 -4 P
6 11 -3 P
6 11 -2 P
6 11 -1 P
6 11 0 P
6 11 1 P
6 11 2 P
6 11 3 P
6 11 4 P
6 11 5 P
6 11 6 P
6 11 7 P
6 11 8 P
6 11 9 P
6 11 10 P
6 11 11 P
6 11 12 P
6 11 13 P
6 11 14 P
6 11 15 P
6 12 -16 P
6 12 -15 P
6 12 -14 P
6 12 -13 P
6 12 -12 P
6 12 -11 P
6 12 -10 P
6 12 -9 P
6 12 -8 P
6 12 -7 P
6 12 -6 P
6 12 -5 P
6 12 -4 P
6 12 -3 P
6 12 -2 P
6 12 -1 P
6 12 0 P
6 12 1 P
6 12 2 P
6 12 3 P
6 12 4 P
6 12 5 P
6 12 6 P
6 12 7 P
6 12 8 P
6 12 9 P
6 13 -14 P
6 13 -13 P
6 13 -12 P
6 13 -11 P
6 13 -10 P
6 13 -9 P
6 13 -8 P
6 13 -7 P
6 13 -6 P
6 13 -5 P
6 13 -4 P
6 13 -3 P
6 13 -2 P
6 13 -1 P
6 13 0 P
6 13 1 P
6 13 2 P
6 13 3 P
6 13 4 P
6 13 5 P
6 13 6 P
6 13 7 P
6 14 -11 P
6 14 -10 P
6 14 -9 P
6 14 -8 P
6 14 -7 P
6 14 -6 P
6 14 -5 P
6 14 -4 P
6 14 -3 P
6 14 -2 P
6 14 -1 P
6 14 0 P
6 14 1 P
6 14 2 P
6 14 3 P
6 14 4 P
6 14 5 P
6 14 6 G
6 15 -10 P
6 15 -9 P
6 15 -8 P
6 15 -7 P
6 15 -6 P
6 15 -5 P
6 15 -4 P
6 15 -3 P
6 15 -2 P
6 15 -1 P
6 15 0 P
6 15 1 P
6 15 2 P
6 15 3 P
6 15 4 P
6 15 5 P
6 15 6 P
6 16 -9 P
6 16 -8 P
6 16 -7 P
6 16 -6 P
6 16 -5 P
6 16 -4 P
6 16 -3 P
6 16 -2 P
6 16 -1 P
6 16 0 P
6 16 1 P
6 16 2 P
6 16 3 P
6 16 4 P
6 16 5 P
6 17 -8 P
6 17 -7 P
6 17 -6 P
6 17 -5 P
6 17 -4 P
6 17 -3 P
6 17 -2 P
6 17 -1 P
6 17 0 P
6 17 1 P
6 17 2 P
6 17 3 P
6 17 4 G
6 18 -6 P
6 18 -5 P
6 18 -4 P
6 18 -3 P
6 18 -2 P
6 18 -1 P
6 18 0 P
6 18 1 P
6 18 2 P
6 18 3 P
7 5 -14 P
7 5 -13 P
7 5 -12 P
7 5 -11 P
7 5 -10 P
7 5 -9 P
7 5 -8 P
7 5 -7 P
7 5 -6 P
7 5 -5 P
7 5 -4 P
7 5 -3 P
7 5 -2 P
7 5 -1 P
7 5 0 P
7 5 1 P
7 5 2 P
7 5 3 P
7 5 4 P
7 5 5 P
7 5 6 P
7 5 7 P
7 5 8 P
7 5 9 P
7 5 10 P
7 5 11 P
7 5 12 P
7 5 13 P
7 5 14 P
7 6 -15 B
7 6 -14 P
7 6 -13 P
7 6 -12 P
7 6 -11 P
7 6 -10 P
7 6 -9 P
7 6 -8 P
7 6 -7 P
7 6 -6 P
7 6 -5 P
7 6 -4 P
7 6 -3 P
7 6 -2 P
7 6 -1 P
7 6 0 P
7 6 1 P
7 6 2 P
7 6 3 P
7 6 4 P
7 6 5 P
7 6 6 P
7 6 7 P
7 6 8 P
7 6 9 P
7 6 10 P
7 6 11 P
7 6 12 P
7 6 13 P
7 6 14 B
7 7 -15 P
7 7 -14 P
7 7 -13 P
7 7 -12 P
7 7 -11 P
7 7 -10 P
7 7 -9 P
7 7 -8 P
7 7 -7 P
7 7 -6 P
7 7 -5 P
7 7 -4 P
7 7 -3 P
7 7 -2 P
7 7 -1 P
7 7 0 P
7 7 1 P
7 7 2 P
7 7 3 P
7 7 4 P
7 7 5 P
7 7 6 P
7 7 7 P
7 7 8 P
7 7 9 P
7 7 10 P
7 7 11 P
7 7 12 P
7 7 13 P
7 7 14 P
7 8 -15 P
7 8 -14 P
7 8 -13 P
7 8 -12 P
7 8 -11 P
7 8 -10 P
7 8 -9 P
7 8 -8 P
7 8 -7 P
7 8 -6 P
7 8 -5 P
7 8 -4 P
7 8 -3 P
7 8 -2 P
7 8 -1 P
7 8 0 P
7 8 1 P
7 8 2 P
7 8 3 P
7 8 4 P
7 8 5 P
7 8 6 P
7 8 7 P
7 8 8 P
7 8 9 P
7 8 10 P
7 8 11 P
7 8 12 P
7 8 13 P
7 8 14 P
7 9 -15 P
7 9 -14 P
7 9 -13 P
7 9 -12 P
7 9 -11 P
7 9 -10 P
7 9 -9 P
7 9 -8 P
7 9 -7 P
7 9 -6 P
7 9 -5 P
7 9 -4 P
7 9 -3 P
7 9 -2 P
7 9 -1 P
7 9 0 P
7 9 1 P
7 9 2 P
7 9 3 P
7 9 4 P
7 9 5 P
7 9 6 P
7 9 7 P
7 9 8 P
7 9 9 P
7 9 10 P
7 9 11 P
7 9 12 P
7 9 13 P
7 9 14 P
7 10 -15 T
7 10 -14 P
7 10 -13 P
7 10 -12 P
7 10 -11 P
7 10 -10 P
7 10 -9 P
7 10 -8 P
7 10 -7 P
7 10 -6 P
7 10 -5 P
7 10 -4 P
7 10 -3 P
7 10 -2 P
7 10 -1 P
7 10 0 P
7 10 1 P
7 10 2 P
7 10 3 P
7 10 4 P
7 10 5 P
7 10 6 P
7 10 7 P
7 10 8 P
7 10 9 P
7 10 10 P
7 10 11 P
7 10 12 P
7 10 13 P
7 10 14 P
7 11 -15 T
7 11 -14 P
7 11 -13 P
7 11 -12 P
7 11 -11 P
7 11 -10 P
7 11 -9 P
7 11 -8 P
7 11 -7 P
7 11 -6 P
7 11 -5 P
7 11 -4 P
7 11 -3 P
7 11 -2 P
7 11 -1 P
7 11 0 P
7 11 1 P
7 11 2 P
7 11 3 P
7 11 4 P
7 11 5 P
7 11 6 P
7 11 7 P
7 11 8 P
7 11 9 P
7 11 10 P
7 11 11 P
7 11 12 P
7 11 13 P
7 12 -15 P
7 12 -14 P
7 12 -13 P
7 12 -12 P
7 12 -11 P
7 12 -10 P
7 12 -9 P
7 12 -8 P
7 12 -7 P
7 12 -6 P
7 12 -5 P
7 12 -4 P
7 12 -3 P
7 12 -2 P
7 12 -1 P
7 12 0 P
7 12 1 P
7 12 2 P
7 12 3 P
7 12 4 P
7 12 5 P
7 12 6 P
7 12 7 P
7 12 8 P
7 13 -13 P
7 13 -12 P
7 13 -11 P
7 13 -10 P
7 13 -9 P
7 13 -8 P
7 13 -7 P
7 13 -6 P
7 13 -5 P
7 13 -4 P
7 13 -3 P
7 13 -2 P
7 13 -1 P
7 13 0 P
7 13 1 P
7 13 2 P
7 13 3 P
7 13 4 P
7 13 5 P
7 13 6 P
7 13 7 P
7 14 -10 P
7 14 -9 P
7 14 -8 P
7 14 -7 P
7 14 -6 P
7 14 -5 P
7 14 -4 P
7 14 -3 P
7 14 -2 P
7 14 -1 P
7 14 0 P
7 14 1 P
7 14 2 P
7 14 3 P
7 14 4 P
7 14 5 P
7 14 6 P
7 15 -9 P
7 15 -8 P
7 15 -7 G
7 15 -6 G
7 15 -5 G
7 15 -4 G
7 15 -3 G
7 15 -2 G
7 15 -1 P
7 15 0 G
7 15 1 G
7 15 2 G
7 15 3 G
7 15 4 P
7 15 5 P
7 16 -8 P
7 16 -7 G
7 16 -6 G
7 16 -5 G
7 16 -4 G
7 16 -3 G
7 16 -2 G
7 16 -1 P
7 16 0 G
7 16 1 G
7 16 2 G
7 16 3 G
7 16 4 P
7 17 -7 P
7 17 -6 P
7 17 -5 P
7 17 -4 P
7 17 -3 P
7 17 -2 P
7 17 -1 P
7 17 0 P
7 17 1 P
7 17 2 P
7 17 3 P
7 17 4 P
8 5 -9 P
8 5 -8 P
8 5 -7 P
8 5 -6 P
8 5 -5 P
8 5 -4 P
8 5 -3 P
8 5 -2 P
8 5 -1 P
8 5 0 P
8 5 1 P
8 5 2 P
8 5 3 P
8 5 4 P
8 5 5 P
8 5 6 P
8 5 7 P
8 5 8 P
8 6 -11 P
8 6 -10 P
8 6 -9 P
8 6 -8 P
8 6 -7 P
8 6 -6 P
8 6 -5 P
8 6 -4 P
8 6 -3 P
8 6 -2 P
8 6 -1 P
8 6 0 P
8 6 1 P
8 6 2 P
8 6 3 P
8 6 4 P
8 6 5 P
8 6 6 P
8 6 7 P
8 6 8 P
8 6 9 P
8 6 10 P
8 6 11 P
8 7 -11 P
8 7 -10 P
8 7 -9 P
8 7 -8 P
8 7 -7 P
8 7 -6 P
8 7 -5 P
8 7 -4 P
8 7 -3 P
8 7 -2 P
8 7 -1 P
8 7 0 P
8 7 1 P
8 7 2 P
8 7 3 P
8 7 4 P
8 7 5 P
8 7 6 P
8 7 7 P
8 7 8 P
8 7 9 P
8 7 10 P
8 7 11 P
8 8 -11 P
8 8 -10 P
8 8 -9 P
8 8 -8 P
8 8 -7 P
8 8 -6 P
8 8 -5 P
8 8 -4 P
8 8 -3 P
8 8 -2 P
8 8 -1 P
8 8 0 P
8 8 1 P
8 8 2 P
8 8 3 P
8 8 4 P
8 8 5 P
8 8 6 P
8 8 7 P
8 8 8 P
8 8 9 P
8 8 10 P
8 8 11 P
8 9 -11 P
8 9 -10 P
8 9 -9 P
8 9 -8 P
8 9 -7 P
8 9 -6 P
8 9 -5 P
8 9 -4 P
8 9 -3 P
8 9 -2 P
8 9 -1 P
8 9 0 P
8 9 1 P
8 9 2 P
8 9 3 P
8 9 4 P
8 9 5 P
8 9 6 P
8 9 7 P
8 9 8 P
8 9 9 P
8 9 10 P
8 9 11 P
8 10 -11 P
8 10 -10 P
8 10 -9 P
8 10 -8 P
8 10 -7 P
8 10 -6 P
8 10 -5 P
8 10 -4 P
8 10 -3 P
8 10 -2 P
8 10 -1 P
8 10 0 P
8 10 1 P
8 10 2 P
8 10 3 P
8 10 4 P
8 10 5 P
8 10 6 P
8 10 7 P
8 10 8 P
8 10 9 P
8 10 10 P
8 10 11 P
8 11 -11 P
8 11 -10 P
8 11 -9 P
8 11 -8 P
8 11 -7 P
8 11 -6 P
8 11 -5 P
8 11 -4 P
8 11 -3 P
8 11 -2 P
8 11 -1 P
8 11 0 P
8 11 1 P
8 11 2 P
8 11 3 P
8 11 4 P
8 11 5 P
8 11 6 P
8 11 7 P
8 11 8 P
8 11 9 P
8 11 10 P
8 12 -11 P
8 12 -10 P
8 12 -9 P
8 12 -8 P
8 12 -7 P
8 12 -6 P
8 12 -5 P
8 12 -4 P
8 12 -3 P
8 12 -2 P
8 12 -1 P
8 12 0 P
8 12 1 P
8 12 2 P
8 12 3 P
8 12 4 P
8 12 5 P
8 12 6 P
8 12 7 P
8 12 8 P
8 13 -9 P
8 13 -8 P
8 13 -7 P
8 13 -6 P
8 13 -5 P
8 13 -4 P
8 13 -3 P
8 13 -2 P
8 13 -1 P
8 13 0 P
8 13 1 P
8 13 2 P
8 13 3 P
8 13 4 P
8 13 5 P
8 13 6 P
8 13 7 P
8 14 -7 P
8 14 -6 P
8 14 -5 P
8 14 -4 P
8 14 -3 P
8 14 -2 P
8 14 -1 P
8 14 0 P
8 14 1 P
8 14 2 P
8 14 3 P
8 14 4 P
